,coef0,degree,n,kernel,C,logGamma,value
0,,,,SVC_linear,-1.34765625,,0.0
282,-2.3542668269230753,6.040189302884615,,SVC_poly,-1.6691706730769251,0.6110518940616299,0.0
295,-7.597410067105234,5.114227764423077,,SVC_poly,2.233782342981612,0.052103183784482754,0.0
294,-4.142728365384614,5.1047307781903,,SVC_poly,1.5830653788631888,-0.11983083060629673,0.0
293,,,,SVC_linear,-1.7718218023786891,,0.0
291,,,,SVC_linear,-0.42525672000258347,,0.0
290,-6.642728365384614,5.235381610576923,,SVC_poly,2.6192908653846136,0.38211880627798317,0.0
289,,,,SVC_linear,-0.8572716346153867,,0.0
286,-7.852964912068089,,0.39332932692307715,NuSVC_sigmoid,,-0.3801081730769249,0.0
285,-7.860552418552948,,0.3924066376478756,NuSVC_sigmoid,,-1.0832331730769251,0.0
284,,,,SVC_linear,-1.348630483948733,,0.0
283,,,,SVC_linear,1.2004206730769251,,0.0
281,0.1457331730769249,5.781513814449846,,SVC_poly,3.136990674655508,0.617445262045742,0.0
297,-7.119432400551876,5.676727764423077,,SVC_poly,2.7617562154284387,0.46457256715816875,0.0
280,,,,SVC_linear,-1.1339171745872025,,0.0
279,,,,SVC_linear,-1.4255553482317638,,0.0
278,,,,SVC_linear,-1.2995793269230753,,0.0
277,-3.6042668269230753,5.11088718082417,,SVC_poly,1.4591531626218308,0.4186307078552417,0.0
276,,,,SVC_linear,-2.001862853656649,,0.0
275,-7.612343590420949,5.509199864838985,,SVC_poly,2.0433998096270853,0.6838268621120326,0.0
274,,,,SVC_linear,-0.49753844596344987,,0.0
273,-6.104266826923076,5.477689302884615,,SVC_poly,2.0808293269230753,-0.14486268179829326,0.0
272,-7.823016826923076,,0.41031334624803695,NuSVC_sigmoid,,8.23102497800192,0.0
271,,,,SVC_linear,0.575420673076925,,0.0
296,,,,SVC_linear,-1.2113962908910085,,0.0
298,,,,SVC_linear,-1.542406779301912,,0.0
327,-0.21965144230769018,5.49985251950672,,SVC_poly,1.1962139423076903,-0.06340144230769007,0.0
313,,,,SVC_linear,-1.126502403846152,,0.0
325,,,,SVC_linear,-1.5021797969256605,,0.0
324,,,,SVC_linear,-1.117603934859301,,0.0
323,,,,SVC_linear,-0.876207966393326,,0.0
321,,,,SVC_linear,-1.6322598688171013,,0.0
319,-8.039659767914252,,0.37352380033538585,NuSVC_sigmoid,,0.696814903846152,0.0
318,-7.998936040461852,,0.4056513750020419,NuSVC_sigmoid,,-0.006310096153848255,0.0
317,,,,SVC_linear,-0.5986812555180028,,0.0
316,,,,SVC_linear,-1.0039452408403737,,0.0
315,-7.502622339382356,5.496629712690333,,SVC_poly,2.6782585529281957,-0.07388897130336969,0.0
314,,,,SVC_linear,-1.157255519767067,,0.0
312,,,,SVC_linear,-1.8903904570143322,,0.0
299,,,,SVC_linear,-0.48849227068655765,,0.0
311,,,,SVC_linear,-1.2333602639171506,,0.0
309,,,,SVC_linear,-0.963718258464122,,0.0
307,,,,SVC_linear,-1.3166231817742682,,0.0
306,,,,SVC_linear,-0.33774642793178755,,0.0
305,,,,SVC_linear,-0.5015024038461519,,0.0
304,,,,SVC_linear,-1.0937983303555627,,0.0
303,-7.130975341290275,5.723010258541262,,SVC_poly,1.6403985670721455,0.34982999493694866,0.0
302,-8.302440781340403,,0.37318525483737386,NuSVC_sigmoid,,0.15835336538461353,0.0
301,-8.399013957014487,,0.4106720323583135,NuSVC_sigmoid,,-0.5447716346153867,0.0
300,,,,SVC_linear,-1.8861169077519992,,0.0
269,-7.32209088009141,,0.37489055324598186,NuSVC_sigmoid,,-1.6216947115384635,0.0
268,,,,SVC_linear,-0.8101689454871948,,0.0
267,,,,SVC_linear,1.7388822115384635,,0.0
221,,,0.29981596425587576,NuSVC_rbf,,1.1013128273796498,0.0
232,,,,SVC_linear,1.56580528846154,,0.0
231,,,,SVC_linear,-1.739991248721832,,0.0
230,3.01111778846154,5.375817841174319,,SVC_poly,-2.03455528846154,3.16736778846154,0.0
229,,,,SVC_linear,-1.3806204175808143,,0.0
228,,,,SVC_linear,-1.9183408582333124,,0.0
227,,,,SVC_linear,-0.9341947115384603,,0.0
225,-6.207632211538461,,0.3809437393144418,NuSVC_sigmoid,,6.6980686919474,0.0
1,,,0.92013671875,NuSVC_linear,,,0.0
223,,,,SVC_linear,-1.8408294886553145,,0.0
222,,,,SVC_linear,0.9323918269230783,,0.0
220,,,,SVC_linear,-2.2139759099860545,,0.0
266,-1.815805288461537,6.282496995192307,,SVC_poly,-2.2076322115384635,0.48619361156462704,0.0
219,,,,SVC_linear,-1.076187348709246,,0.0
218,,,,SVC_linear,-2.2995793269230784,,0.0
217,,,,SVC_linear,-1.2140593933494581,,0.0
216,-1.919170673076922,,0.4064543269230771,NuSVC_sigmoid,,7.682603050958232,0.0
215,-8.169170673076922,,0.356454326923077,NuSVC_sigmoid,,-1.9870793269230784,0.0
214,,,,SVC_linear,-1.3902575915245754,,0.0
213,3.5495793269230784,5.6181255334820115,,SVC_poly,-2.5730168269230784,3.7058293269230784,0.0
212,,,,SVC_linear,-1.9190819560423527,,0.0
210,,,,SVC_linear,-0.3957331730769219,,0.0
209,,,,SVC_linear,-1.5224157775829363,,0.0
233,-2.4576322115384603,,0.4177469837538836,NuSVC_sigmoid,,7.174181851354774,0.0
234,,,,SVC_linear,-1.4633398536239428,,0.0
235,,,,SVC_linear,-1.76111778846154,,0.0
236,,,,SVC_linear,-1.527928694257331,,0.0
265,,,,SVC_linear,-0.7736780739727812,,0.0
264,,,,SVC_linear,-1.5232877737233546,,0.0
262,-3.065805288461537,5.339069016832923,,SVC_poly,1.6194227004161021,0.9570922463167801,0.0
260,,,,SVC_linear,-0.8414177813102354,,0.0
259,-0.5658052884615369,5.723227226026315,,SVC_poly,1.497140917587172,-0.02937217542193482,0.0
258,,,,SVC_linear,-1.0995012151785457,,0.0
257,-7.284555288461537,,0.409451351505492,NuSVC_sigmoid,,7.774991768870477,0.0
256,-5.409555288461537,,0.4929927884615389,NuSVC_sigmoid,,5.253305288461537,0.0
253,,,,SVC_linear,2.2773437500000018,,0.0
252,,,,SVC_linear,-1.9250941726688886,,0.0
250,,,,SVC_linear,-1.5378255959660405,,0.0
249,-2.9960937499999987,,0.396208522215422,NuSVC_sigmoid,,7.257090018044076,0.0
248,,,,SVC_linear,1.0273437500000018,,0.0
247,,,,SVC_linear,-1.803620515622906,,0.0
245,,,,SVC_linear,-1.3798793197717738,,0.0
244,,,,SVC_linear,-1.4726562499999987,,0.0
243,,,,SVC_linear,-1.2405210081948228,,0.0
242,-6.746093749999999,,0.39957522838749465,NuSVC_sigmoid,,7.236530230408938,0.0
241,-4.871093749999999,,0.5145312500000004,NuSVC_sigmoid,,4.714843749999999,0.0
238,,,,SVC_linear,2.81580528846154,,0.0
237,,,,SVC_linear,-2.463555711130427,,0.0
326,,,,SVC_linear,-2.1000302498293286,,0.0
328,,,,SVC_linear,-1.5815516032097627,,0.0
207,-3.794170673076922,,0.5576081730769235,NuSVC_sigmoid,,3.637920673076922,0.0
403,-6.863437620054544,5.642946047822909,,SVC_poly,2.349036109227187,0.953757180606644,0.0
415,-4.240084134615382,5.2860583837485375,,SVC_poly,2.4300305594863554,-0.4317875650305238,0.0
414,-7.9653879774339575,4.969149941705075,,SVC_poly,2.9112802433019382,-0.21867635459924645,0.0
413,,,,SVC_linear,-1.611253717063914,,0.0
412,-6.661959134615382,5.53374688894297,,SVC_poly,2.638521634615382,0.49048491889111556,0.0
411,-7.9305886273431625,5.480447552652493,,SVC_poly,2.557282429999836,-0.25409038001610984,0.0
410,,,,SVC_linear,-0.9005338938330403,,0.0
409,-7.822734428714294,5.677402924253847,,SVC_poly,2.4964026003090334,0.3671325304198848,0.0
408,-7.911959134615382,5.308723889621056,,SVC_poly,2.2665461399022706,0.4004152759957988,0.0
407,,,,SVC_linear,-0.5713648244452795,,0.0
404,,,,SVC_linear,-1.82459791399238,,0.0
402,,,,SVC_linear,-0.7463644180403799,,0.0
418,,,,SVC_linear,-0.9390258892822714,,0.0
399,,,,SVC_linear,-1.4315888958345129,,0.0
398,,,,SVC_linear,-1.802737498377304,,0.0
397,,,,SVC_linear,-2.0786362404625516,,0.0
396,,,,SVC_linear,-2.1497152555254524,,0.0
395,,,,SVC_linear,-1.9357270419935764,,0.0
394,,,,SVC_linear,-0.89232713284813,,0.0
393,-7.728222356349084,5.503187733754734,,SVC_poly,2.3607830507954115,0.6920328233210888,0.0
392,,,,SVC_linear,-1.4015549242576162,,0.0
391,,,,SVC_linear,-2.009317096349493,,0.0
390,,,,SVC_linear,-0.8374092994565444,,0.0
417,,,,SVC_linear,-1.4782289510119067,,0.0
419,,,,SVC_linear,-0.9160727209188271,,0.0
329,,,,SVC_linear,-1.6649639423076903,,0.0
433,,,,SVC_linear,-1.7535477457767004,,0.0
447,,,,SVC_linear,-1.363803082182399,,0.0
446,,,,SVC_linear,-1.009700280739666,,0.0
445,,,,SVC_linear,-1.5523861612422312,,0.0
444,,,,SVC_linear,-1.1344518991548531,,0.0
443,,,,SVC_linear,-1.9031402112281486,,0.0
442,,,,SVC_linear,-1.1753531654152245,,0.0
439,,,,SVC_linear,-1.6482879013683562,,0.0
437,,,,SVC_linear,-1.5198161014967608,,0.0
436,,,,SVC_linear,-1.4545342593803654,,0.0
435,,,,SVC_linear,-1.6877352932813923,,0.0
432,-7.426926438972419,5.211457634012767,,SVC_poly,3.271859790456662,0.03532233614600261,0.0
421,,,,SVC_linear,-0.9813545630352223,,0.0
431,-7.342690797851159,5.365358868594529,,SVC_poly,2.06962180038283,0.7093045815946093,0.0
430,-8.057190940791141,5.481996672665,,SVC_poly,1.7597940596836381,1.013584841197159,0.0
429,-7.200420673076921,5.435832048754634,,SVC_poly,2.266011544342,0.5442127765616535,0.0
428,,,,SVC_linear,-0.9794017171438856,,0.0
427,,,,SVC_linear,-1.6032298448154516,,0.0
426,,,,SVC_linear,-1.4389954322945786,,0.0
425,,,,SVC_linear,-1.9150356657799592,,0.0
424,,,,SVC_linear,-1.6928108297564473,,0.0
423,,,,SVC_linear,-1.109826362906818,,0.0
422,,,,SVC_linear,-1.432481496016838,,0.0
389,,,,SVC_linear,-0.43395358970359077,,0.0
387,-7.106514212685907,5.25639549629659,,SVC_poly,1.3476081327349074,0.602431771043473,0.0
386,-7.384244626053774,5.485900845993694,,SVC_poly,2.4956486375117164,0.49064570906680327,0.0
344,,,,SVC_linear,-0.4158201010848248,,0.0
355,,,,SVC_linear,-1.9525034610618999,,0.0
353,,,,SVC_linear,-1.8042051971062838,,0.0
352,,,,SVC_linear,-0.7196463043808197,,0.0
351,,,,SVC_linear,-1.6756043324410794,,0.0
350,,,,SVC_linear,-0.5459542988874082,,0.0
349,,,,SVC_linear,-1.0294646180530838,,0.0
348,,,,SVC_linear,-1.610747358350103,,0.0
347,-7.008112980769229,5.465880012075445,,SVC_poly,2.3927229756487267,-0.07417760752726399,0.0
346,,,,SVC_linear,-1.8964919370533107,,0.0
345,,,,SVC_linear,-1.059344570807744,,0.0
343,,,,SVC_linear,-2.3748618251878213,,0.0
385,,,,SVC_linear,-1.1288227410707148,,0.0
340,,,,SVC_linear,-1.4146695048548645,,0.0
339,,,,SVC_linear,-1.6410054489144645,,0.0
337,-7.547808186010658,,0.3889470187431582,NuSVC_sigmoid,,1.2352764423076903,0.0
336,-7.460474502000314,,0.385051584002312,NuSVC_sigmoid,,0.5321514423076902,0.0
335,,,,SVC_linear,-1.0531949201719772,,0.0
334,,,,SVC_linear,-1.137142793979541,,0.0
333,,,,SVC_linear,-0.5444058176221597,,0.0
332,,,,SVC_linear,-1.430260700379205,,0.0
331,,,,SVC_linear,-1.4076977340268364,,0.0
330,,,,SVC_linear,-0.9465844127682316,,0.0
356,,,,SVC_linear,-1.4802609324778822,,0.0
357,,,,SVC_linear,-0.9542816395463632,,0.0
359,,,,SVC_linear,-1.02219783010662,,0.0
360,,,,SVC_linear,-1.7775225374586812,,0.0
383,-7.333877701829126,5.610224007809962,,SVC_poly,1.8140343726432562,0.3598430223311955,0.0
382,,,,SVC_linear,-0.8931273573729746,,0.0
381,,,,SVC_linear,-2.3411990368388422,,0.0
380,,,,SVC_linear,-1.607087260681106,,0.0
379,,,,SVC_linear,-2.0293177271957896,,0.0
378,,,,SVC_linear,-1.426693129840388,,0.0
377,,,,SVC_linear,-1.2390609989971426,,0.0
376,,,,SVC_linear,-1.5606593685681585,,0.0
375,,,,SVC_linear,-0.8630933857960776,,0.0
373,,,,SVC_linear,-1.2979387482647446,,0.0
372,-6.944262646712991,5.365855564334729,,SVC_poly,2.7041204935575682,0.2802900494721893,0.0
371,,,,SVC_linear,-2.043709352162657,,0.0
369,-7.922706164515312,5.292598768086637,,SVC_poly,2.1590786424453494,-0.047815829394735165,0.0
368,-7.574779088992942,5.433288498899373,,SVC_poly,2.058490552401572,0.37074629811228926,0.0
367,,,,SVC_linear,-1.1086978005943504,,0.0
366,,,,SVC_linear,-0.6440566154366139,,0.0
365,,,,SVC_linear,-2.2538534773015977,,0.0
364,,,,SVC_linear,-1.0686257222195676,,0.0
363,,,,SVC_linear,-1.491887019230767,,0.0
362,,,,SVC_linear,-1.6088088201894757,,0.0
361,,,,SVC_linear,-0.8882315913788497,,0.0
208,,,0.6169831730769234,NuSVC_rbf,,2.3777043269230784,0.0
224,-4.332632211538461,,0.536069711538462,NuSVC_sigmoid,,4.176382211538461,0.0
103,,,,SVC_rbf,-6.624098557692308,-5.881911057692308,0.0
69,,,0.48929086538461547,NuSVC_rbf,,1.3463483417130075,0.0
82,,,,SVC_linear,-1.6265024038461537,,0.0
81,3.8813100961538467,5.212394831730769,0.550564903846154,NuSVC_poly,,7.435997596153847,0.0
80,0.7563100961538466,5.493644831730769,0.725564903846154,NuSVC_poly,,-1.9390024038461537,0.0
78,,,,SVC_linear,5.240084134615385,,0.0
77,,,0.44894640211743253,NuSVC_linear,,,0.0
76,,,0.504107872596154,NuSVC_linear,,,0.0
75,,,,SVC_linear,2.661959134615385,,0.0
73,-2.611478365384615,,0.7049158653846155,NuSVC_sigmoid,,7.318630435036203,0.0
72,,,,SVC_rbf,5.318209134615385,1.060396634615385,0.0
71,,,,SVC_linear,-1.7863624861934633,,0.0
70,0.6697716346153849,8.825086034298948,0.5221033653846155,NuSVC_poly,,-3.275540865384615,0.0
68,,,,SVC_linear,-0.9550629203154279,,0.0
55,-5.354266826923077,5.659420072115385,,SVC_poly,1.3308293269230769,-3.0441706730769234,0.0
67,,,,SVC_rbf,-7.701021634615385,-6.958834134615385,0.0
66,,,,SVC_linear,1.411959134615385,,0.0
65,-6.361478365384615,,0.36610855523242897,NuSVC_sigmoid,,7.974459134615385,0.0
64,5.357271634615385,3.089227764423077,,SVC_poly,7.388521634615385,0.5135216346153849,0.0
63,0.3572716346153848,8.385381610576923,,SVC_poly,-4.380709134615385,5.513521634615385,0.0
62,4.419771634615385,4.970087139423077,0.5721033653846155,NuSVC_poly,,7.974459134615385,0.0
61,1.294771634615385,5.251337139423077,0.7471033653846155,NuSVC_poly,,-1.4005408653846154,0.0
60,,,,SVC_linear,-1.546199519407316,,0.0
59,,,,SVC_linear,5.778545673076923,,0.0
58,,,0.4376424164851764,NuSVC_linear,,,0.0
57,,,0.5304924879807693,NuSVC_linear,,,0.0
83,4.818810096153847,3.3315354567307693,,SVC_poly,6.850060096153847,-0.02493990384615352,0.0
84,-6.899939903846153,,0.3714840299836753,NuSVC_sigmoid,,7.435997596153847,0.0
85,,,,SVC_linear,0.8734975961538466,,0.0
86,,,,SVC_rbf,-7.162560096153847,-6.420372596153847,0.0
111,-6.838508047777692,6.213266225961538,,SVC_poly,-2.3950631060320866,-6.428786057692308,0.0
109,,,,SVC_linear,-0.9149639423076921,,0.0
108,,,,SVC_rbf,4.241286057692308,-0.016526442307691847,0.0
107,-6.911380496241348,7.338266225961538,,SVC_poly,2.2969156354080353,0.6526957369744517,0.0
106,,,0.21159855769230768,NuSVC_rbf,,6.858473557692308,0.0
105,,,0.44621394230769235,NuSVC_rbf,,1.8520209159125192,0.0
104,,,,SVC_linear,-1.7367704839980105,,0.0
205,,,,SVC_linear,1.4708533653846168,,0.0
102,-7.438401442307692,,0.39302249152213686,NuSVC_sigmoid,,7.337432039057091,0.0
101,4.280348557692308,3.5738431490384617,,SVC_poly,6.311598557692308,-0.25651430242978146,0.0
100,,,,SVC_linear,-1.6274490947879285,,0.0
99,3.3428485576923084,5.454702524038462,0.5290264423076925,NuSVC_poly,,6.897536057692308,0.0
98,0.21784855769230815,5.735952524038462,0.7040264423076925,NuSVC_poly,,-2.477463942307692,0.0
96,,,0.43283158939663247,NuSVC_linear,,,0.0
95,,,0.4777232572115386,NuSVC_linear,,,0.0
94,,,,SVC_linear,2.1234975961538467,,0.0
93,,,0.517752403846154,NuSVC_rbf,,4.896935096153847,0.0
92,-3.1499399038461533,,0.683377403846154,NuSVC_sigmoid,,7.416010762049427,0.0
91,,,,SVC_rbf,4.779747596153847,0.5219350961538466,0.0
90,,,,SVC_linear,-1.247900947731925,,0.0
89,0.13131009615384648,8.928476649084056,0.500564903846154,NuSVC_poly,,-3.8140024038461533,0.0
88,,,0.4677524038461539,NuSVC_rbf,,1.8848098801745459,0.0
87,,,,SVC_linear,-1.3298826827017112,,0.0
56,,,,SVC_linear,3.2004206730769234,,0.0
54,,,0.560829326923077,NuSVC_rbf,,5.973858173076923,0.0
113,-7.115392103151662,7.810171274038462,0.7009014423076925,NuSVC_poly,,-7.086838942307692,0.0
14,,,0.60390625,NuSVC_rbf,,7.05078125,0.0
25,,,0.2643652737406091,NuSVC_rbf,,3.533900944396264,0.0
24,,,,SVC_rbf,7.645132211538462,3.3873197115384617,0.0
23,,,,SVC_linear,-0.011117788461538436,,0.0
22,,,0.3977991310550091,NuSVC_linear,,,0.0
21,2.3716947115384617,4.766721754807692,0.7901802884615385,NuSVC_poly,,-0.32361778846153844,0.0
20,-7.468730124072126,5.614406662051188,,SVC_poly,1.8453806779250217,0.7911828464451315,0.0
19,,,,SVC_linear,6.85546875,,0.0
18,,,0.41865234375,NuSVC_linear,,,0.0
17,,,0.58326171875,NuSVC_linear,,,0.0
16,,,,SVC_linear,4.27734375,,0.0
15,,,,SVC_rbf,-5.56640625,-9.82421875,0.0
13,-0.99609375,,0.76953125,NuSVC_sigmoid,,8.33984375,0.0
53,-2.0730168269230766,,0.726454326923077,NuSVC_sigmoid,,7.262920673076923,0.0
12,8.37890625,,,SVC_sigmoid,-2.24609375,5.29296875,0.0
11,-6.77734375,8.5498046875,,SVC_poly,2.75390625,-1.62109375,0.0
10,2.28515625,9.3056640625,0.5867187500000001,NuSVC_poly,,-1.66015625,0.0
9,-6.46484375,7.6181640625,0.53671875,NuSVC_poly,,-2.91015625,0.0
8,4.47265625,5.7373046875,,SVC_poly,6.50390625,4.62890625,0.0
7,-7.87109375,,,SVC_sigmoid,-3.49609375,1.54296875,0.0
6,2.75390625,,0.7195312500000001,NuSVC_sigmoid,,-2.91015625,0.0
5,,,0.25390625,NuSVC_rbf,,3.30078125,0.0
4,,,,SVC_rbf,8.18359375,3.92578125,0.0
3,,,,SVC_linear,0.52734375,,0.0
2,,,0.39951171875,NuSVC_linear,,,0.0
26,2.2154447115384617,,0.6979927884615386,NuSVC_sigmoid,,-2.3716947115384617,0.0
27,-7.332632211538462,,,SVC_sigmoid,-3.9247585795556104,1.0045072115384617,0.0
28,3.9341947115384617,5.58845597682546,,SVC_poly,5.965444711538462,4.090444711538462,0.0
29,-7.003305288461538,7.860471754807692,0.5151802884615385,NuSVC_poly,,-3.4486177884615383,0.0
52,,,,SVC_rbf,5.856670673076923,1.5988581730769234,0.0
51,,,,SVC_linear,-2.3248240246550016,,0.0
50,1.2082331730769234,8.876346451367773,0.543641826923077,NuSVC_poly,,-2.7370793269230766,0.0
49,,,0.510829326923077,NuSVC_rbf,,0.8078868032514691,0.0
48,3.3957331730769234,5.346148284517768,,SVC_poly,5.426983173076923,3.5519831730769234,0.0
47,-6.794170673076923,,,SVC_sigmoid,-4.113579140276697,0.46604567307692324,0.0
46,,,,SVC_linear,1.9504206730769234,,0.0
45,-5.823016826923077,,0.3764543269230769,NuSVC_sigmoid,,8.512920673076923,0.0
44,,,,SVC_rbf,7.106670673076923,2.8488581730769234,0.0
43,0.8957331730769232,8.627689302884615,,SVC_poly,-4.919170673076923,6.051983173076923,0.0
42,4.958233173076923,4.727779447115385,0.593641826923077,NuSVC_poly,,8.512920673076923,0.0
41,1.8332331730769234,5.009029447115385,0.768641826923077,NuSVC_poly,,-0.8620793269230769,0.0
40,,,,SVC_linear,-1.6341719216259978,,0.0
39,,,,SVC_linear,6.317007211538462,,0.0
38,,,0.42056357311850523,NuSVC_linear,,,0.0
37,,,0.5568771033653847,NuSVC_linear,,,0.0
36,,,,SVC_linear,3.7388822115384617,,0.0
35,-4.815805288461538,5.417112379807692,,SVC_poly,0.7923677884615384,-3.5826322115384617,0.0
34,,,0.5823677884615385,NuSVC_rbf,,6.512319711538462,0.0
33,-1.5345552884615383,,0.7479927884615385,NuSVC_sigmoid,,7.801382211538462,0.0
32,,,,SVC_rbf,6.395132211538462,2.1373197115384617,0.0
31,,,,SVC_linear,-2.86328556311654,,0.0
30,1.7466947115384617,9.118654143675466,0.5651802884615386,NuSVC_poly,,-2.1986177884615383,0.0
112,-2.907151442307692,2.6422025240384617,0.5790264423076925,NuSVC_poly,,3.1475360576923084,0.0
448,,,,SVC_linear,-1.030787534661986,,0.0
145,-2.2653245192307687,,0.39934369779512036,NuSVC_sigmoid,,-0.3909254807692315,0.0
192,,,,SVC_linear,-2.3263909236954285,,0.0
160,,,0.2762139423076923,NuSVC_rbf,,5.243088942307693,0.0
115,,,0.549675480769231,NuSVC_rbf,,-5.34344951923077,0.0
159,-6.553786057692307,,0.2918389423076923,NuSVC_sigmoid,,-3.6024639423076934,0.0
187,,,,SVC_linear,-0.8118663477602126,,0.0
158,0.16496394230769318,5.566474603634107,,SVC_poly,2.1962139423076934,0.3212139423076932,0.0
157,5.164963942307693,5.425766225961539,,SVC_poly,-4.188401442307693,5.321213942307693,0.0
156,,,,SVC_linear,-1.280348557692307,,0.0
155,,,,SVC_linear,-0.7347603048014948,,0.0
154,,,,SVC_linear,1.2196514423076934,,0.0
188,-3.2557091346153837,,0.579146634615385,NuSVC_sigmoid,,3.0994591346153837,0.0
189,,,0.6385216346153849,NuSVC_rbf,,2.9161658653846168,0.0
152,,,0.6815985576923079,NuSVC_rbf,,3.9930889423076934,0.0
190,-3.4119591346153837,6.689227764423077,,SVC_poly,-0.6114783653846166,1.7442908653846168,0.0
151,,,0.506598557692308,NuSVC_rbf,,-4.266526442307693,0.0
191,,,,SVC_linear,-1.5911515099550915,,0.0
149,-6.942438142207234,8.294786658653846,0.6578245192307695,NuSVC_poly,,-8.163762019230768,0.0
148,-3.9840745192307687,3.1268179086538463,0.5359495192307695,NuSVC_poly,,2.0706129807692317,0.0
147,,,,SVC_linear,0.5081129807692316,,0.0
146,,,,SVC_linear,5.508112980769232,,0.0
161,,,,SVC_linear,-1.6938641631276958,,0.0
162,-6.085036057692307,3.7382662259615387,,SVC_poly,2.061598557692307,-2.3134014423076934,0.0
163,-2.803786057692307,,0.40246836824427284,NuSVC_sigmoid,,0.14753605769230693,0.0
181,,,,SVC_linear,-1.4315522155303022,,0.0
175,4.626502403846155,5.668073918269231,,SVC_poly,-3.649939903846155,4.782752403846155,0.0
174,,,,SVC_linear,-1.8188100961538454,,0.0
177,-7.092247596153845,,0.31337740384615387,NuSVC_sigmoid,,-3.064002403846155,0.0
178,-0.8422475961538454,,0.36337740384615397,NuSVC_sigmoid,,7.949116644806854,0.0
179,,,,SVC_linear,-1.3516849424861923,,0.0
172,,,,SVC_linear,-1.263334139083671,,0.0
171,,,0.6600600961538464,NuSVC_rbf,,3.454627403846155,0.0
180,-6.623497596153845,3.980573918269231,,SVC_poly,2.6000600961538454,-1.774939903846155,0.0
170,,,0.48506009615384643,NuSVC_rbf,,-3.728064903846155,0.0
185,,,0.30932691575457305,NuSVC_rbf,,-0.837439903846155,0.0
169,,,,SVC_linear,-1.2850896051325749,,0.0
182,,,,SVC_linear,4.431189903846155,,0.0
167,-7.480899680668772,8.537094350961539,0.636286057692308,NuSVC_poly,,-8.702223557692307,0.0
183,,,,SVC_linear,-0.5688100961538453,,0.0
166,-4.5225360576923075,3.3691256009615387,0.514411057692308,NuSVC_poly,,1.5321514423076934,0.0
165,,,,SVC_linear,-0.03034855769230682,,0.0
184,,,0.25673904117895263,NuSVC_rbf,,0.9875783801341941,0.0
164,,,,SVC_linear,4.969651442307693,,0.0
144,-5.546574519230768,3.4959585336538463,,SVC_poly,1.5231370192307687,-2.8518629807692317,0.0
176,,,,SVC_linear,-0.9589803755043826,,0.0
143,,,,SVC_linear,-1.6352820551025267,,0.0
131,-6.576930564690124,8.052478966346154,0.679362980769231,NuSVC_poly,,-7.62530048076923,0.0
129,-7.37696958623923,5.970958533653846,,SVC_poly,-1.8566015675705483,-5.89032451923077,0.0
128,,,,SVC_linear,6.04657451923077,,0.0
127,-1.7268629807692304,,0.3895980322082079,NuSVC_sigmoid,,-0.9293870192307699,0.0
126,,,,SVC_linear,-1.4534254807692304,,0.0
200,,,,SVC_linear,-1.8971280418433956,,0.0
125,-5.00811298076923,3.253650841346154,,SVC_poly,0.9846754807692304,-3.39032451923077,0.0
124,-6.696596042091339,7.095958533653846,,SVC_poly,2.6545411509007417,0.5705665035023794,0.0
123,,,0.2331370192307692,NuSVC_rbf,,6.32001201923077,0.0
122,,,0.4246754807692308,NuSVC_rbf,,1.3135593774509808,0.0
121,,,,SVC_linear,-1.7257989342765843,,0.0
120,,,,SVC_rbf,-6.08563701923077,-5.34344951923077,0.0
119,-7.97686298076923,,0.4145609530605984,NuSVC_sigmoid,,7.875893577518629,0.0
201,,,,SVC_linear,3.8927283653846168,,0.0
118,3.74188701923077,3.816150841346154,,SVC_poly,5.77313701923077,-0.38649927958646924,0.0
202,,,,SVC_linear,-1.1072716346153837,,0.0
117,,,,SVC_linear,-1.424856466389283,,0.0
203,,,0.2782775027174142,NuSVC_rbf,,0.5628512889181112,0.0
116,2.80438701923077,5.697010216346154,0.507487980769231,NuSVC_poly,,6.35907451923077,0.0
204,,,0.3215385832805658,NuSVC_rbf,,-0.29897836538461653,0.0
142,,,0.25467548076923074,NuSVC_rbf,,5.781550480769232,0.0
130,-3.4456129807692304,2.884510216346154,0.557487980769231,NuSVC_poly,,2.60907451923077,0.0
196,-1.3807091346153837,,0.38491586538461553,NuSVC_sigmoid,,8.22106458941977,0.0
139,,,,SVC_rbf,-5.547175480769232,-4.804987980769232,0.0
138,-4.296574519230768,6.291150841346154,,SVC_poly,1.2128355365199557,0.4703055794592125,0.0
194,,,,SVC_linear,-1.014763392501525,,0.0
197,,,,SVC_linear,-1.005276642689876,,0.0
140,,,,SVC_linear,-1.3048227884817651,,0.0
136,3.2034254807692317,4.058458533653846,,SVC_poly,5.234675480769232,0.1519622588750692,0.0
135,,,,SVC_linear,-1.1392290101365394,,0.0
134,,,0.7031370192307694,NuSVC_rbf,,4.531550480769232,0.0
141,-6.015324519230768,,0.27030048076923074,NuSVC_sigmoid,,-4.140925480769232,0.0
198,,,,SVC_linear,-2.8380408653846168,,0.0
133,,,0.5281370192307695,NuSVC_rbf,,-4.804987980769232,0.0
193,4.088040865384617,5.67903530819633,,SVC_poly,-3.1114783653846168,4.244290865384617,0.0
199,,,,SVC_linear,-1.0011848826802785,,0.0
195,-7.630709134615383,,0.33491586538461543,NuSVC_sigmoid,,-2.5255408653846168,0.0
211,,,,SVC_linear,-2.0568025923704574,,-1.7976931348623157e+308
239,,,0.29731776168755264,NuSVC_rbf,,1.639774365841188,-1.7976931348623157e+308
186,,,,SVC_linear,2.009314903846155,,-1.7976931348623157e+308
416,,,,SVC_linear,-2.1077106115850626,,-1.7976931348623157e+308
434,,,,SVC_linear,-1.5692490731235242,,-1.7976931348623157e+308
440,,,,SVC_linear,-0.5019787918379511,,-1.7976931348623157e+308
226,,,,SVC_linear,-1.3922330464848476,,-1.7976931348623157e+308
420,,,,SVC_linear,-1.3398560332807123,,-1.7976931348623157e+308
438,,,,SVC_linear,-1.8862561440242998,,-1.7976931348623157e+308
441,,,,SVC_linear,-1.3324443970470314,,-1.7976931348623157e+308
114,,,,SVC_linear,4.163161057692308,,-1.7976931348623157e+308
261,,,,SVC_linear,-1.8475387990734702,,-1.7976931348623157e+308
240,,,,SVC_linear,0.3939302884615399,,-1.7976931348623157e+308
342,,,,SVC_linear,-2.0066997638072857,,-1.7976931348623157e+308
79,,,,SVC_linear,-1.4059148270362936,,-1.7976931348623157e+308
354,,,,SVC_linear,-1.0584980837505467,,-1.7976931348623157e+308
137,,,,SVC_linear,-0.8947853552664486,,-1.7976931348623157e+308
287,-7.669436879751814,5.651560269864034,,SVC_poly,1.7434105252371044,0.11981236662004724,-1.7976931348623157e+308
288,,,,SVC_linear,0.03695913461538658,,-1.7976931348623157e+308
292,,,,SVC_linear,-1.4617693360118693,,-1.7976931348623157e+308
132,-5.08623798076923,5.234109737145578,,SVC_poly,-0.49969951923076994,0.9005759386291144,-1.7976931348623157e+308
341,,,,SVC_linear,-1.6560654733208393,,-1.7976931348623157e+308
406,,,,SVC_linear,-0.8940199575552995,,-1.7976931348623157e+308
338,,,,SVC_linear,-1.596959622212085,,-1.7976931348623157e+308
97,,,,SVC_linear,4.701622596153847,,-1.7976931348623157e+308
308,,,,SVC_linear,-0.6911887366404453,,-1.7976931348623157e+308
310,,,,SVC_linear,-1.8222734585754656,,-1.7976931348623157e+308
322,,,,SVC_linear,-1.0399639423076903,,-1.7976931348623157e+308
320,,,,SVC_linear,-1.8493722249185554,,-1.7976931348623157e+308
110,-1.188401442307692,,0.3806399192714328,NuSVC_sigmoid,,-1.4678485576923084,-1.7976931348623157e+308
358,,,,SVC_linear,-0.6762429127339374,,-1.7976931348623157e+308
74,,,0.5392908653846155,NuSVC_rbf,,5.435396634615385,-1.7976931348623157e+308
150,-5.624699519230768,5.302577493939432,,SVC_poly,0.038762019230768496,0.6145523176616283,-1.7976931348623157e+308
370,,,,SVC_linear,-0.9704000547689778,,-1.7976931348623157e+308
405,,,,SVC_linear,-0.9667862752395803,,-1.7976931348623157e+308
173,,,,SVC_linear,-1.0526899714935531,,-1.7976931348623157e+308
401,,,,SVC_linear,-1.2059729038425715,,-1.7976931348623157e+308
400,,,,SVC_linear,-1.7209796923596907,,-1.7976931348623157e+308
246,,,,SVC_linear,-1.3090772606119316,,-1.7976931348623157e+308
168,-6.163161057692307,5.544885186247124,,SVC_poly,0.5772235576923069,0.246190448555266,-1.7976931348623157e+308
251,,,,SVC_linear,-1.2226562500000018,,-1.7976931348623157e+308
254,,,0.2757793001490911,NuSVC_rbf,,1.9496558022281045,-1.7976931348623157e+308
255,,,,SVC_linear,-0.14453124999999856,,-1.7976931348623157e+308
388,,,,SVC_linear,-1.5052478137011187,,-1.7976931348623157e+308
384,,,,SVC_linear,-1.0805171315028863,,-1.7976931348623157e+308
263,,,,SVC_linear,-0.761117788461537,,-1.7976931348623157e+308
374,,,,SVC_linear,-1.4927431780079017,,-1.7976931348623157e+308
153,,,,SVC_linear,-1.128771675317079,,-1.7976931348623157e+308
270,,,,SVC_linear,-0.682992788461537,,-1.7976931348623157e+308
206,,,,SVC_linear,-1.3163738890536218,,-1.7976931348623157e+308
