,degree,coef0,logGamma,C,n,kernel,value
479,,3.037253759836992,-4.100703014159981,-5.413311298076921,,SVC_sigmoid,0.5811918921594817
473,,3.664112712930171,-2.8357019756438238,-7.743307242113822,,SVC_sigmoid,0.5737996077046755
512,,3.223674973172743,-4.166849659428764,-7.837180785865689,,SVC_sigmoid,0.5737845937263656
459,,3.1750921162909505,-3.8564964260270678,-4.874849759615382,,SVC_sigmoid,0.5737835501788591
466,,3.3624375191267726,-3.8422266720134015,-8.624849759615383,,SVC_sigmoid,0.5737828753257759
503,,3.484573071899433,-3.8203606928568146,-7.137584477407909,,SVC_sigmoid,0.5737819975471881
485,,3.609216701359284,-3.1070556241762364,-7.233229545072026,,SVC_sigmoid,0.5737819787785253
464,,3.3125800906824066,-3.6170544171775694,-8.171723314604394,,SVC_sigmoid,0.57377934751207
483,,3.5131180742957495,-3.2818991543952762,-7.6760460158694475,,SVC_sigmoid,0.5737766390352982
470,,3.357326664507333,-3.561390559384573,-7.7769943262694,,SVC_sigmoid,0.5737765974894733
454,,3.4552034970409666,-3.432326230958859,-8.106650687648129,,SVC_sigmoid,0.5737762992365492
494,,3.4552034970409666,-3.432326230958859,-7.08203827069445,,SVC_sigmoid,0.5737762971818098
471,,3.310470241573143,-3.273287259615382,-8.433973342710555,,SVC_sigmoid,0.5737749259428067
497,,3.434163071748997,-3.5917455947910546,-6.74931356929735,,SVC_sigmoid,0.5737748052131526
486,,3.416522873358321,-3.303765133551863,-8.086388221153845,,SVC_sigmoid,0.5737744515068293
455,,3.5384903358451343,-3.076201548924535,-8.110701907231642,,SVC_sigmoid,0.5737727655525868
443,,3.5131180742957495,-3.1034839782813,-8.752969092792524,,SVC_sigmoid,0.5737715173214325
462,,3.415044145302349,-2.8549402969720696,-6.124849759615382,,SVC_sigmoid,0.573770404311
487,,3.588349747582323,-2.7312286933871754,-4.163311298076921,,SVC_sigmoid,0.5737702575101986
506,,3.3838703079341905,-2.774694951050202,-7.547926682692307,,SVC_sigmoid,0.5737668711450932
458,,3.6739275488513607,-3.4816876664477827,-8.025583542319314,,SVC_sigmoid,0.5737643077302388
445,,3.7202428268535965,-2.728231672352484,-8.310152621995103,,SVC_sigmoid,0.5737477982897412
469,6.421976719962955,5.25642007654476,-0.8956601705334255,2.290886334142161,,SVC_poly,0.5737269329339127
439,,3.7135536547524888,-3.598012363564501,-4.336388221153844,,SVC_sigmoid,0.5736861743908278
514,,3.7309967293036994,-3.3625138527988963,-6.5435767322329115,,SVC_sigmoid,0.5733500649303779
489,6.664284412270647,4.717958538083222,-0.35719863207188707,1.7524247956806227,,SVC_poly,0.5713384405268205
450,,3.78062352307224,-3.38610954574624,-7.762966917048212,,SVC_sigmoid,0.5669053311340205
474,,2.9167419585794283,-3.9707877694203972,-7.5681891491865905,,SVC_sigmoid,0.566796811194845
492,,3.7621365116342815,-3.869970021787055,-8.375642324327227,,SVC_sigmoid,0.5650832858999205
468,6.656573016826924,5.214190425563481,-0.7949408610651183,3.1549526686000164,,SVC_poly,0.562708527305421
495,,2.862421061560797,-3.3117532000648326,-7.607610952302973,,SVC_sigmoid,0.5597916981709636
484,,3.0756764796548746,-3.078592878716031,-8.351792944575308,,SVC_sigmoid,0.5595244824967116
499,,2.899415403383034,-4.344909602292894,-5.951772836538459,,SVC_sigmoid,0.5574658637459928
488,6.8159352326501415,4.6757288871019425,-0.6626526965666708,2.867886654060989,,SVC_poly,0.5567505488034349
482,,2.8833146158945473,-2.838164252250047,-6.663311298076921,,SVC_sigmoid,0.5562906299540682
430,,3.8246158395230747,-3.249802496706589,-8.30142845550975,,SVC_sigmoid,0.5557346028354371
500,,2.6618431072695823,-2.6302074392393853,-7.229424197120817,,SVC_sigmoid,0.5549554666673189
444,,3.8311722867686857,-3.078592878716031,-7.6992714790179715,,SVC_sigmoid,0.552909158642948
451,,3.848931780034681,-2.7348257211538436,-8.972434881172093,,SVC_sigmoid,0.5499473260708602
498,,2.597004471928284,-3.3765380469365525,-6.948660465396237,,SVC_sigmoid,0.548880619627493
508,6.573627540342449,4.451704441489895,-0.8062127915193643,2.3294251155994505,,SVC_poly,0.5461283435105836
477,,3.972624610210535,-3.723514100865266,-7.287775107758888,,SVC_sigmoid,0.5381628831447502
442,,3.953505683763887,-2.8647994301629214,-5.586388221153844,,SVC_sigmoid,0.5320770972566968
465,,3.929645144599096,-3.2666932108140223,-7.771691083533565,,SVC_sigmoid,0.5319343022900525
509,6.798931291390679,4.233731468099291,0.09375136607529155,1.2268301579204448,,SVC_poly,0.5283399030551217
429,,,,8.081239776733282,,SVC_linear,0.5264826840785044
446,,3.900899057588311,-3.6027245982128995,-8.086388221153845,,SVC_sigmoid,0.5241686066167922
505,,3.0707551628977456,-3.6455171626377747,-6.694768006610488,,SVC_sigmoid,0.5172023148052516
434,,3.993665035502505,-2.8938646924973206,-8.645112226109667,,SVC_sigmoid,0.5152586938165507
467,,4.1268112860438615,-3.0104495812742993,-3.624849759615382,,SVC_sigmoid,0.5025482843439412
478,,3.1354660103898224,-3.4085897751188146,-7.487122003857776,,SVC_sigmoid,0.500268299634131
457,,4.5110861486720735,-3.9579784820826562,-7.826236646220426,,SVC_sigmoid,0.5
437,,5.049547687133612,-3.6723257211538436,-8.364698184681965,,SVC_sigmoid,0.5
452,,4.160606971153844,-3.7669520734485378,-8.398888221153845,,SVC_sigmoid,0.5
433,,4.741035789853248,-3.842109269607182,-8.464047343594498,,SVC_sigmoid,0.5
447,,4.6652728245054,-3.251314910697644,-3.0863882211538436,,SVC_sigmoid,0.5
453,,4.2025742513917095,-3.3246227159484647,-7.925585805132959,,SVC_sigmoid,0.5
407,,5.034987306927268,-3.7324907460314742,-2.009465144230767,,SVC_sigmoid,0.5
438,,4.212389087312899,-2.9432261279862444,-8.564045080780852,,SVC_sigmoid,0.5
427,,5.203734362966938,-3.696657412202537,-2.5479266826923053,,SVC_sigmoid,0.5
411,,4.524327611176605,-1.657902644230767,-8.390562301319662,,SVC_sigmoid,0.5
413,,5.279497328314786,-3.826002039596342,-9.002508882056036,,SVC_sigmoid,0.5
414,,4.43355106136665,-2.7414953150293546,-9.183573764571205,,SVC_sigmoid,0.5
375,,5.278896242543049,-3.1572531079183,-9.57118464536453,,SVC_sigmoid,0.5
426,,4.439360596049849,-3.064263059751361,-7.547926682692306,,SVC_sigmoid,0.5
373,,4.506760817307691,-3.0809795673076903,-8.745042067307692,,SVC_sigmoid,0.5
431,,4.304066235022639,-2.1963641826923053,-8.9290238397812,,SVC_sigmoid,0.5
472,,4.1817048169581,-3.98196010342179,-8.914103862788766,,SVC_sigmoid,0.5
406,,4.525954244527441,-2.525801521289823,-7.009465144230767,,SVC_sigmoid,0.5
504,,2.793584483983869,-3.3989243801604756,-7.81333140611377,,SVC_sigmoid,0.49719107151617103
410,,3.8686081559739094,-3.113495447666938,-8.839889993971289,,SVC_sigmoid,0.4938248300357566
510,,2.891024007333656,-3.6119417507853577,-7.209940246470102,,SVC_sigmoid,0.48882431054421216
409,,,,8.422762291111116,,SVC_linear,0.4817340230046804
515,,2.8716570333500617,-3.0382544281544703,-7.069149413841434,,SVC_sigmoid,0.479086232618518
480,,,-3.9484675480769202,-1.1020440291973999,,SVC_rbf,0.47611085451153545
481,,,-4.915530866779512,-0.7886644969033315,,SVC_rbf,0.47261148373551237
460,,,-3.410006009615382,-1.0326995035012239,,SVC_rbf,0.46881511640082724
456,,,-5.4594569882915485,-0.037670396073930856,,SVC_rbf,0.4659138281612802
496,,,-4.382533911368472,-0.9583701513287612,,SVC_rbf,0.46504699637114555
461,,,-5.45399240524105,-0.2502029584417931,,SVC_rbf,0.46486045892997624
516,,,-4.566670942623897,-1.1699462439546238,,SVC_rbf,0.4645008802476019
476,,,-4.92099544983001,-0.41990861286722275,,SVC_rbf,0.464351791788655
501,,,-4.377069328317973,-0.6486878254859014,,SVC_rbf,0.4632416045598703
463,,2.974656535834211,-3.2475123595493316,-8.214507554330986,,SVC_sigmoid,0.4591074164737702
371,,4.626403827721847,-0.5809795673076902,-8.809536716273877,,SVC_sigmoid,0.45
366,,4.594277867803128,-3.5312901424583263,-5.932542067307691,,SVC_sigmoid,0.45
17,,4.814453125,-3.388671875,-9.052734375,,SVC_sigmoid,0.45
370,,4.913276338224621,-2.8550479742235746,-9.916813070894365,,SVC_sigmoid,0.45
511,,2.79837025218312,-4.273641518065792,-7.357050265787478,,SVC_sigmoid,0.444950538199347
490,,3.1635300727575317,-3.0734802123238194,-7.74840178493164,,SVC_sigmoid,0.437707223099877
475,,3.000028797383596,-3.6146630873860732,-7.908980189169718,,SVC_sigmoid,0.4341919776768333
513,,2.5871896360070945,-2.885242773800721,-7.0225671406331465,,SVC_sigmoid,0.4269986801552009
502,,2.4284621294056192,-3.3766257907115853,-6.124849759615382,,SVC_sigmoid,0.42446359813103235
507,,3.049888209120785,-3.2696902318487138,-4.701772836538459,,SVC_sigmoid,0.4205151672965143
491,,3.155588207584717,-3.7351799796042533,-7.895511804249017,,SVC_sigmoid,0.41758126750070124
493,,3.125651174468633,-2.346781235339183,-7.561028679094685,,SVC_sigmoid,0.41695128753546645
374,,4.721854402972396,-3.415353987481691,-9.531042320113995,,SVC_sigmoid,0.4
448,6.414265324519231,5.299111117822607,-0.25647932260357986,2.7763314600726887,,SVC_poly,0.39991867766798217
449,6.395281831469255,5.019981971153844,-1.3769036139332338,2.8129507211538436,,SVC_poly,0.37136746216831934
37,,4.304224174587074,-3.548431577061946,-8.62887967444608,,SVC_sigmoid,0.35
428,,,,3.6026141826923053,,SVC_linear,0.30269855528977996
394,,4.898533898941738,-3.0783153562246985,-9.722035303032744,,SVC_sigmoid,0.25
395,,4.766911901878711,-3.395741848959034,-9.032723106902992,,SVC_sigmoid,0.25
393,,5.045222355769229,-3.6194411057692286,-9.28350360576923,,SVC_sigmoid,0.25
435,,,-2.6455829326923053,-0.5617427336291434,,SVC_rbf,0.1880766518975889
387,,4.57750255515165,-3.3069411057692286,-1.4710036057692286,,SVC_sigmoid,0.15
418,,4.508686781502674,-2.404764589524706,-8.797926682692307,,SVC_sigmoid,0.15
422,,4.491967222225425,-3.0348384573995406,-5.047926682692306,,SVC_sigmoid,0.1
417,,4.929509506340382,-3.1338641826923053,-8.903159723143503,,SVC_sigmoid,0.1
386,,4.5961374276117715,-2.992828603996788,-6.471003605769229,,SVC_sigmoid,0.1
436,6.762266181630678,1.9815204326923053,-0.26500958869758284,3.39445242179512,,SVC_poly,0.060610468184278024
389,,,,8.905821440162644,,SVC_linear,0.05433968564997886
391,,4.7317643115197825,-1.1194411057692286,-8.342830552359615,,SVC_sigmoid,0.05
390,,4.374814799763083,-2.93229328949564,-9.378351532432827,,SVC_sigmoid,0.05
419,,4.252015193214027,-3.0595508251029626,-3.7979266826923053,,SVC_sigmoid,0.05
423,,4.051579612757288,-3.1958945870514923,-9.291430631254062,,SVC_sigmoid,0.04894028264879928
424,,4.018305170273586,-2.5401313402544927,-7.791512409776683,,SVC_sigmoid,0.04785286548881209
405,,,-5.495584168153188,-1.3634483955862704,,SVC_rbf,0.0
303,,,,9.127409646666766,,SVC_linear,0.0
308,,5.3410635785656835,-3.317408846319178,-4.317157451923076,,SVC_sigmoid,0.0
307,6.990644990359012,4.694693456706725,0.9250965151048107,2.4812199519230753,,SVC_poly,0.0
306,,,-6.763276466398034,1.4640925480769251,,SVC_rbf,0.0
305,,3.2038762019230753,-3.5820262656133997,-6.817157451923076,,SVC_sigmoid,0.0
304,,5.09954338382553,-2.778909337027961,-1.8171574519230753,,SVC_sigmoid,0.0
301,,4.573826556905066,-3.817738143647327,-0.5671574519230752,,SVC_sigmoid,0.0
302,,,,8.385292669715117,,SVC_linear,0.0
310,,0.11272650451794392,1.5104494451699964,,0.2046574519230767,NuSVC_sigmoid,0.0
300,,5.133798635031053,-3.3421370039189613,-5.567157451923076,,SVC_sigmoid,0.0
299,,,-6.420745078903295,-1.9931276793308803,,SVC_rbf,0.0
298,,,,1.395883413461537,,SVC_linear,0.0
297,,4.099118434627275,-3.661051644137321,-8.185210543811918,,SVC_sigmoid,0.0
296,,5.2205349445529095,-3.4625756419289155,-9.007415490067178,,SVC_sigmoid,0.0
309,,4.313294641492668,-1.1530949519230753,0.682842548076925,,SVC_sigmoid,0.0
311,,-0.8845659240340294,0.049052166060192026,,0.39215745192307705,NuSVC_sigmoid,0.0
294,6.866428786057693,5.712289663461537,0.1336448268516054,2.9030237315389913,,SVC_poly,0.0
312,,5.331359054590628,-3.920496684857002,-9.584877991320553,,SVC_sigmoid,0.0
328,,4.929044392964218,-3.8558703847807165,-4.855618990384614,,SVC_sigmoid,0.0
327,7.113810164009976,4.301388368269488,0.8424519447552684,3.0196814903846136,,SVC_poly,0.0
326,,,-6.224814927936496,0.9256310096153867,,SVC_rbf,0.0
325,,3.7423377403846136,-3.0435647271518613,-7.355618990384614,,SVC_sigmoid,0.0
324,,4.89274624689031,-2.5469675375696172,-2.3556189903846136,,SVC_sigmoid,0.0
323,,,,9.407621490711163,,SVC_linear,0.0
322,6.647919170673077,-0.3982872596153866,0.4379529833785081,3.904612520247751,,SVC_poly,0.0
321,,4.174965085433378,-3.279276605185789,-1.1056189903846136,,SVC_sigmoid,0.0
320,,5.158596835935045,-3.521150831607752,-6.105618990384614,,SVC_sigmoid,0.0
318,,,,1.9343449519230753,,SVC_linear,0.0
317,,4.637579973088814,-3.1786210291989727,-8.008872854902183,,SVC_sigmoid,0.0
316,,5.148265484929512,-3.387792300182626,-8.546449151548467,,SVC_sigmoid,0.0
315,,,-4.414813701923076,0.526592548076925,,SVC_rbf,0.0
314,7.083187284586664,6.221236843911413,0.6721063653131438,3.4414852700005296,,SVC_poly,0.0
313,,5.519737715147444,1.0344050480769251,-8.942107620636722,,SVC_sigmoid,0.0
295,,,-3.876352163461537,1.0650540865384635,,SVC_rbf,0.0
292,,4.852914663461537,-3.427133413461537,-9.091195913461537,,SVC_sigmoid,0.0
293,,6.058199253608982,1.5728665865384635,-8.73965153161143,,SVC_sigmoid,0.0
267,,,-6.775390624999999,2.5410156250000018,,SVC_rbf,0.0
273,,4.314453124999999,-2.8886718749999987,-8.552734374999998,,SVC_sigmoid,0.0
272,,0.17773437500000155,1.1152343750000018,,0.4352343750000002,NuSVC_sigmoid,0.0
271,,-0.5981944652010255,1.0527343749999987,,0.24773437499999976,NuSVC_sigmoid,0.0
270,,5.3902177184157445,-0.07617187499999845,1.7597656250000018,,SVC_sigmoid,0.0
269,,4.597925810998603,-3.3162225214487746,-3.2402343749999987,,SVC_sigmoid,0.0
268,6.695838399637199,5.749695010732962,-0.15182656181826615,1.4042968749999987,,SVC_poly,0.0
266,,2.1269531249999987,-3.348850739085738,-5.740234374999999,,SVC_sigmoid,0.0
330,,0.0032791438055251865,1.1984513154771324,,0.19124870381433204,NuSVC_sigmoid,0.0
265,,4.488585522123351,-3.5975636681956233,-0.7402343749999987,,SVC_sigmoid,0.0
264,,,,8.401263964055687,,SVC_linear,0.0
263,,,,9.20509485429988,,SVC_linear,0.0
262,,5.650749633828142,-4.196123869428607,0.5097656250000017,,SVC_sigmoid,0.0
261,,4.4467302240350115,-3.2961294805745758,-4.490234374999999,,SVC_sigmoid,0.0
260,,,-6.4142156290869785,-1.4695661234829043,,SVC_rbf,0.0
274,,5.659992550598587,2.1113281250000018,-8.816027943822727,,SVC_sigmoid,0.0
275,6.62412109375,5.173828124999999,0.3089650060446778,2.88607264864843,,SVC_poly,0.0
276,,,-3.3378906249999987,1.6035156250000018,,SVC_rbf,0.0
277,,5.0068837885525,-3.520115019217581,-9.534471112409866,,SVC_sigmoid,0.0
278,,4.141546672152138,-3.8412678250230994,-8.700865367425383,,SVC_sigmoid,0.0
280,,,-6.635303612454224,-1.9938606939952659,,SVC_rbf,0.0
281,,4.784461394809951,-3.2336790946864515,-5.028695913461537,,SVC_sigmoid,0.0
282,,5.112288095366604,-4.3561996821088655,-0.02869591346153677,,SVC_sigmoid,0.0
283,,,,8.728652866493375,,SVC_linear,0.0
284,,4.758769110169546,-3.1523910183348933,-1.278695913461537,,SVC_sigmoid,0.0
285,,2.665414663461537,-3.8873122775472764,-6.278695913461537,,SVC_sigmoid,0.0
286,,,-7.301738004859573,2.0025540865384635,,SVC_rbf,0.0
287,6.775728882309421,5.211233472271424,0.3866349766432723,1.942758413461537,,SVC_poly,0.0
288,,5.136387349460142,-2.822381513366943,-3.778695913461537,,SVC_sigmoid,0.0
289,,4.851756179954206,-0.6146334134615369,1.2213040865384635,,SVC_sigmoid,0.0
290,,-0.2058956867301216,1.4554503785972444,,0.22619591346153822,NuSVC_sigmoid,0.0
291,,-0.3607271634615369,0.5767728365384633,,0.4136959134615386,NuSVC_sigmoid,0.0
329,,3.8157644050470076,-1.6915564903846136,0.14438100961538658,,SVC_sigmoid,0.0
332,,4.981276176685905,0.4959435096153867,-9.353036863337051,,SVC_sigmoid,0.0
331,,-0.7067890393929182,0.4498592460512457,,0.3706189903846155,NuSVC_sigmoid,0.0
378,,4.328459798962152,-3.094710270430187,-7.721003605769229,,SVC_sigmoid,0.0
384,,4.654469007090941,-3.603338509727437,-8.742576132222874,,SVC_sigmoid,0.0
383,,4.94990598957805,-3.4202484772589585,-8.97100360576923,,SVC_sigmoid,0.0
382,,4.461486203169215,-3.655184577078234,-3.9710036057692286,,SVC_sigmoid,0.0
381,6.953221913028309,5.9344459328046595,1.1277368831137167,2.1350661057692286,,SVC_poly,0.0
380,6.949948565365641,1.2170973557692286,0.3882477235481958,2.6505619366371427,,SVC_poly,0.0
379,,5.188887640791554,-2.4433455554666157,-2.7210036057692286,,SVC_sigmoid,0.0
377,,4.107722355769229,-2.0569411057692286,-8.972343710157427,,SVC_sigmoid,0.0
421,6.899262720848985,5.195645127203615,0.8833494029404217,3.2119891826923053,,SVC_poly,0.0
376,6.65930643145112,0.3661358173076902,1.0843436911948283,3.0435702619705243,,SVC_poly,0.0
425,,,-5.305591545512794,-0.824986857124732,,SVC_rbf,0.0
372,,,-6.645581919066272,-1.528789106104774,,SVC_rbf,0.0
432,,,-5.4448509149681525,-1.1405533524813127,,SVC_rbf,0.0
440,,,-2.8715444711538436,-0.5847874667028563,,SVC_rbf,0.0
369,,,,9.288041562917977,,SVC_linear,0.0
385,,,-6.026166381479997,-1.9019099340478087,,SVC_rbf,0.0
420,,,-2.3330829326923053,-0.04632592824131787,,SVC_rbf,0.0
404,,4.2054090842446055,-3.0648769712658988,-8.208397725032944,,SVC_sigmoid,0.0
397,,4.646183894230767,-2.595402644230767,-9.040696084684155,,SVC_sigmoid,0.0
403,,4.411444451116512,-3.38752176028995,-9.324181340844868,,SVC_sigmoid,0.0
402,,4.4011717248120785,-3.573299995861079,-4.509465144230767,,SVC_sigmoid,0.0
401,7.1415704131566775,5.734106665665153,1.4218109414019602,2.673527644230767,,SVC_poly,0.0
400,,,-1.794621394230767,-0.5719907297612202,,SVC_rbf,0.0
399,,4.725989404212168,-2.5210892866414243,-3.259465144230767,,SVC_sigmoid,0.0
398,,4.322740006948436,-2.6019938055064773,-8.259465144230768,,SVC_sigmoid,0.0
396,6.696092775553223,0.9045973557692286,0.5458821527332899,2.8149101593588446,,SVC_poly,0.0
388,,,,2.5256911057692286,,SVC_linear,0.0
408,,,,3.064152644230767,,SVC_linear,0.0
412,,,-5.568658842143195,-1.679014890942851,,SVC_rbf,0.0
415,,,-2.107121394230767,-1.062414446248931,,SVC_rbf,0.0
392,,,-6.107120380604734,-1.9531095896523105,,SVC_rbf,0.0
416,6.760134782611435,1.443058894230767,0.007420614271751447,3.011535174507282,,SVC_poly,0.0
1,,3.876953125,-1.826171875,2.509765625,,SVC_sigmoid,0.0
368,,,,1.9872295673076903,,SVC_linear,0.0
367,,4.039041016690112,-2.7684795673076903,-0.9325420673076903,,SVC_sigmoid,0.0
441,,,-5.992453943702588,-0.13491925423152779,,SVC_rbf,0.0
341,6.89022686298077,0.14017427884615186,0.37639750147980616,3.7274850135602193,,SVC_poly,0.0
347,,4.463785701987142,-3.9116145394542365,-5.394080528846152,,SVC_sigmoid,0.0
346,6.918140014517708,4.839849906731026,0.552617156767381,3.558143028846152,,SVC_poly,0.0
345,,,-5.8398129362221525,0.38716947115384825,,SVC_rbf,0.0
344,,4.280799278846152,-2.7703057856182154,-7.894080528846152,,SVC_sigmoid,0.0
343,,4.56310000341004,-2.662308486256314,-2.894080528846152,,SVC_sigmoid,0.0
342,,,,8.9399245304765,,SVC_linear,0.0
339,,4.649297360128623,-3.6194768380507654,-6.644080528846152,,SVC_sigmoid,0.0
365,,,-6.564627919941535,-1.4625941844565973,,SVC_rbf,0.0
338,,3.030799278846152,-0.980018028846152,-8.45664143594089,,SVC_sigmoid,0.0
337,,,,2.4728064903846136,,SVC_linear,0.0
336,,5.176041511550352,-2.8442848146903166,-8.547334393363721,,SVC_sigmoid,0.0
335,,4.616679724294095,-3.3130677147504493,-8.568073778098727,,SVC_sigmoid,0.0
334,,,-4.953275240384614,-0.01186899038461342,,SVC_rbf,0.0
333,7.1404451037854395,5.708682018369649,1.1685502871405054,3.979946808462068,,SVC_poly,0.0
348,,3.5005794782285733,-2.230018028846152,-0.39408052884615186,,SVC_sigmoid,0.0
349,,-0.524712949642495,0.6599897770155939,,0.21278716535279357,NuSVC_sigmoid,0.0
350,,,,8.749580024456439,,SVC_linear,0.0
351,,4.442814638224367,-0.042518028846151745,-9.181309026441635,,SVC_sigmoid,0.0
352,,,-6.852513129466524,-0.9903275676432355,,SVC_rbf,0.0
353,,3.968299278846152,-2.542518028846152,-8.206580528846153,,SVC_sigmoid,0.0
354,,4.282548078852296,-3.3637775914926578,-9.025092240490753,,SVC_sigmoid,0.0
355,,5.483935445834775,-2.790765662737895,-9.08579593182526,,SVC_sigmoid,0.0
356,6.662201853389866,-0.17232572115384825,0.5458821527332899,3.3176905483668073,,SVC_poly,0.0
357,,3.5692608173076903,-1.5184795673076903,-8.678263926080856,,SVC_sigmoid,0.0
358,,4.380036128428236,-3.5640650193085213,-7.182542067307691,,SVC_sigmoid,0.0
359,,4.931990027296383,-2.5601785131965586,-2.1825420673076903,,SVC_sigmoid,0.0
360,7.1036064489134985,0.6786358173076903,0.5378714346712196,3.189023475098681,,SVC_poly,0.0
361,6.7163460182490695,5.981227422443656,0.810715919040863,1.5966045673076903,,SVC_poly,0.0
362,,4.55152523229137,-3.2007700247178525,-3.4325420673076903,,SVC_sigmoid,0.0
363,,4.819260817307691,-3.3087673240797537,-8.432542067307692,,SVC_sigmoid,0.0
364,,4.969730372226788,-4.141800048188975,-9.281037670684412,,SVC_sigmoid,0.0
259,,-0.3688212773548167,0.6008339003187643,,0.2077336859531223,NuSVC_sigmoid,0.0
0,,3.115234375,-2.197265625,,0.8777343750000001,NuSVC_sigmoid,0.0
257,,4.607550067056527,-3.3569168441708213,-9.581706090769444,,SVC_sigmoid,0.0
67,,-0.023794073987915443,4.937349759615385,,0.7631189903846155,NuSVC_sigmoid,0.0
97,,4.452248612440221,-3.3877000046351724,-9.501208934526007,,SVC_sigmoid,0.0
96,,,,1.0112680288461537,,SVC_linear,0.0
95,,-5.668419471153847,0.9613882211538466,,0.20138822115384614,NuSVC_sigmoid,0.0
94,,4.468299278846153,6.957481971153847,-8.706580528846153,,SVC_sigmoid,0.0
93,2.1933518629807693,5.327674278846153,0.9418569711538466,3.1206430288461533,,SVC_poly,0.0
92,3.7841721754807693,-1.7035757211538467,-4.784769256459452,,0.2763882211538462,NuSVC_poly,0.0
91,6.041245422349491,2.5537531387523726,5.707481971153847,,0.766580528846154,NuSVC_poly,0.0
90,6.552726862980769,-3.1098257211538467,2.5043569711538467,1.5581430288461537,,SVC_poly,0.0
89,,-0.24822803515524172,-0.23001802884615363,1.6059194711538467,,SVC_sigmoid,0.0
88,,-0.28861177884615363,1.1170615883692694,,0.2415805288461538,NuSVC_sigmoid,0.0
87,,,,6.948768028846153,,SVC_linear,0.0
86,,-2.7192007211538467,-3.4223257211538467,-0.8940805288461537,,SVC_sigmoid,0.0
85,,,3.0707632211538467,-3.3051382211538467,,SVC_rbf,0.0
84,,,-5.933143028846153,,0.802518028846154,NuSVC_rbf,0.0
83,,,-5.889311790384932,,0.35364504678596664,NuSVC_rbf,0.0
82,,,-3.1792367788461533,6.137169471153847,,SVC_rbf,0.0
81,,5.047420256722509,-3.8307317435377577,0.3559194711538465,,SVC_sigmoid,0.0
80,,,,3.1987680288461533,,SVC_linear,0.0
79,,,7.417818509615385,,0.2407872596153846,NuSVC_rbf,0.0
78,,,7.046724759615385,-4.781099759615385,,SVC_rbf,0.0
77,,3.913787073978683,-3.525319868663817,-9.24168959949981,,SVC_sigmoid,0.0
76,,,,0.4728064903846153,,SVC_linear,0.0
75,,-6.206881009615385,1.499849759615385,,0.1798497596153846,NuSVC_sigmoid,0.0
74,,,-0.4532752403846153,-0.5118689903846153,,SVC_rbf,0.0
73,1.951044170673077,4.789212740384615,1.480318509615385,2.582181490384615,,SVC_poly,0.0
72,3.541864483173077,-2.242037259615385,-5.32323079492099,,0.25484975961538464,NuSVC_poly,0.0
71,,,,,0.820406700721154,NuSVC_linear,0.0
70,,,,3.910306490384615,,SVC_linear,0.0
69,,,1.109224759615385,0.4256310096153848,,SVC_rbf,0.0
98,,,6.508263221153847,-4.242638221153847,,SVC_rbf,0.0
99,,,6.879356971153847,,0.26232572115384617,NuSVC_rbf,0.0
100,,,,3.7372295673076916,,SVC_linear,0.0
116,,,,1.549729567307692,,SVC_linear,0.0
129,,0.8286950417678351,-1.3069411057692304,0.5289963942307699,,SVC_sigmoid,0.0
128,,-0.7343205602686029,0.507859459397503,,0.19850360576923073,NuSVC_sigmoid,0.0
127,,,,8.02569110576923,,SVC_linear,0.0
126,,-1.64227764423077,-2.357628719162197,-1.9710036057692304,,SVC_sigmoid,0.0
125,,,1.99384014423077,-2.22821514423077,,SVC_rbf,0.0
124,,,-6.15334634137672,,0.759441105769231,NuSVC_rbf,0.0
123,,0.12954883516362992,-3.96649639423077,,0.2349258792887028,NuSVC_sigmoid,0.0
122,,2.1077223557692304,-3.59540264423077,4.27899639423077,,SVC_sigmoid,0.0
121,,4.1219824652593005,-3.6396620367752077,-0.7210036057692304,,SVC_sigmoid,0.0
120,8.067149939903846,-0.7829026442307699,2.67743389423077,3.527264141073891,,SVC_poly,0.0
119,,,6.340895432692308,,0.28386418269230773,NuSVC_rbf,0.0
118,,,5.969801682692308,-3.7041766826923084,,SVC_rbf,0.0
117,,4.9907101509017595,-3.2512270557952254,-9.646768939825044,,SVC_sigmoid,0.0
115,,-5.129957932692308,0.42292668269230815,,0.22292668269230767,NuSVC_sigmoid,0.0
101,,4.5089587182609705,-3.7531649286692153,-0.18254206730769196,,SVC_sigmoid,0.0
114,,5.006760817307692,6.419020432692308,-9.245042067307692,,SVC_sigmoid,0.0
113,2.4356595552884617,5.866135817307692,0.40339543269230815,3.6591045673076916,,SVC_poly,0.0
112,4.026479867788462,-1.1651141826923084,-4.246307717997913,,0.29792668269230776,NuSVC_poly,0.0
111,6.240740436043042,2.0152916002908343,5.169020432692308,,0.7450420673076925,NuSVC_poly,0.0
110,6.795034555288462,-2.5713641826923084,1.9658954326923084,2.096604567307692,,SVC_poly,0.0
109,,0.2902335033062967,-0.7684795673076921,1.0674579326923084,,SVC_sigmoid,0.0
108,,-0.8270733173076921,0.9598257308470495,,0.22004206730769227,NuSVC_sigmoid,0.0
107,,,,7.487229567307692,,SVC_linear,0.0
106,,-2.1807391826923084,-2.8838641826923084,-1.432542067307692,,SVC_sigmoid,0.0
105,,,2.5323016826923084,-2.7666766826923084,,SVC_rbf,0.0
104,,,-6.471604567307692,,0.7809795673076925,NuSVC_rbf,0.0
103,,,-5.455922783401008,,0.3511551652219825,NuSVC_rbf,0.0
102,,,-3.7176983173076916,5.598707932692308,,SVC_rbf,0.0
68,,,-2.894681490384615,,0.3571700917285978,NuSVC_rbf,0.0
66,,-3.257662259615385,-3.960787259615385,-0.3556189903846153,,SVC_sigmoid,0.0
256,5.256813401442308,2.1353665865384603,-2.94275841346154,-0.07166466346153988,,SVC_poly,0.0
65,8.231573016826923,-6.148287259615385,5.542818509615385,3.519681490384615,,SVC_poly,0.0
31,,,,,0.8731759314903846,NuSVC_linear,0.0
30,,,,2.8333834134615383,,SVC_linear,0.0
29,,,2.1861478365384617,1.5025540865384617,,SVC_rbf,0.0
28,,,-1.8177584134615383,,0.368124784144611,NuSVC_rbf,0.0
27,,-0.09630408653846156,6.014272836538462,,0.8061959134615385,NuSVC_sigmoid,0.0
26,,-4.334585336538462,-5.037710336538462,0.7213040865384616,,SVC_sigmoid,0.0
25,8.716188401442308,-7.225210336538462,6.619741586538462,2.4427584134615383,,SVC_poly,0.0
24,5.729124098557692,-2.3814603365384617,-4.261068819604223,,0.7311959134615386,NuSVC_poly,0.0
23,2.9166240985576923,7.791616586538462,-1.4271334134615383,,0.6811959134615385,NuSVC_poly,0.0
22,7.028688401442308,1.5247896634615383,-8.553335336538462,7.615835336538462,,SVC_poly,0.0
21,,4.415414663461538,-2.2870154370650493,1.9713040865384617,,SVC_sigmoid,0.0
20,,2.5767728365384617,-1.6588040865384617,,0.8561959134615386,NuSVC_sigmoid,0.0
19,8.43994140625,3.642578125,0.673828125,,0.29023437500000004,NuSVC_poly,0.0
18,4.59912109375,0.673828125,5.595703125,-1.533203125,,SVC_poly,0.0
16,,9.677734375,-9.384765625,,0.615234375,NuSVC_sigmoid,0.0
15,,,6.533203125,,0.676171875,NuSVC_rbf,0.0
14,,,1.162109375,1.103515625,,SVC_rbf,0.0
13,,,,-3.642578125,,SVC_linear,0.0
12,,,,,0.149248046875,NuSVC_linear,0.0
11,,,,,0.899560546875,NuSVC_linear,0.0
10,,,,2.294921875,,SVC_linear,0.0
9,,,2.724609375,2.041015625,,SVC_rbf,0.0
8,,,-1.279296875,,0.388671875,NuSVC_rbf,0.0
7,,-0.634765625,6.552734375,,0.827734375,NuSVC_sigmoid,0.0
6,,-4.873046875,-5.576171875,1.259765625,,SVC_sigmoid,0.0
5,8.95849609375,-7.763671875,7.158203125,1.904296875,,SVC_poly,0.0
4,5.48681640625,-2.919921875,-4.638671875,,0.7527343750000001,NuSVC_poly,0.0
3,2.67431640625,8.330078125,-0.888671875,,0.702734375,NuSVC_poly,0.0
2,7.27099609375,0.986328125,-9.091796875,8.154296875,,SVC_poly,0.0
32,,,,,0.17563266225961538,NuSVC_linear,0.0
33,,,,-3.1041165865384617,,SVC_linear,0.0
34,,,0.6236478365384616,0.5650540865384616,,SVC_rbf,0.0
51,,,,,0.8467913161057693,NuSVC_linear,0.0
64,6.213739483173077,-1.304537259615385,-4.084756449427498,,0.6881189903846155,NuSVC_poly,0.0
63,,,-6.378482408328162,,0.37405649038461536,NuSVC_rbf,0.0
62,,,-2.640775240384615,6.675631009615385,,SVC_rbf,0.0
61,,5.459028572569303,-3.2922702050762194,0.8943810096153849,,SVC_sigmoid,0.0
60,,,,2.660306490384615,,SVC_linear,0.0
59,7.955326021634615,2.5656550480769234,-0.40309495192307687,,0.33331129807692317,NuSVC_poly,0.0
58,5.083736478365385,1.7507512019230766,4.6025459426304955,-0.45628004807692313,,SVC_poly,0.0
57,,3.998550602025456,-3.6621983549988344,-8.740868183634008,,SVC_sigmoid,0.0
56,,8.600811298076923,-8.307842548076923,,0.572157451923077,NuSVC_sigmoid,0.0
55,,,5.456280048076923,,0.633094951923077,NuSVC_rbf,0.0
54,,,0.08518629807692313,0.026592548076923128,,SVC_rbf,0.0
53,,,,-2.5656550480769234,,SVC_linear,0.0
52,,,,,0.20201727764423077,NuSVC_linear,0.0
50,,,,3.3718449519230766,,SVC_linear,0.0
35,,,5.994741586538462,,0.6546334134615385,NuSVC_rbf,0.0
49,,,1.6476862980769234,0.9640925480769232,,SVC_rbf,0.0
48,,,-2.3562199519230766,,0.36009602176247285,NuSVC_rbf,0.0
47,,0.11791366091751593,5.475811298076923,,0.784657451923077,NuSVC_sigmoid,0.0
46,,-3.7961237980769234,-4.499248798076923,0.18284254807692313,,SVC_sigmoid,0.0
45,8.473880709134615,-6.686748798076923,6.081280048076923,2.9812199519230766,,SVC_poly,0.0
44,5.971431790865385,-1.8429987980769234,-3.906824234036239,,0.709657451923077,NuSVC_poly,0.0
43,,,-6.106219951923077,,0.3955949519230769,NuSVC_rbf,0.0
42,,,-2.1023137019230766,7.214092548076923,,SVC_rbf,0.0
41,,4.953876201923077,-2.753808666614681,1.4328425480769234,,SVC_sigmoid,0.0
40,,,,2.1218449519230766,,SVC_linear,0.0
39,8.197633713942308,3.1041165865384617,0.13536658653846156,,0.3117728365384616,NuSVC_poly,0.0
38,4.841428786057692,1.2122896634615383,5.141007481092034,-0.9947415865384616,,SVC_poly,0.0
36,,9.139272836538462,-8.846304086538462,,0.5936959134615385,NuSVC_sigmoid,0.0
130,7.037342247596154,-2.03290264423077,1.42743389423077,2.6350661057692304,,SVC_poly,0.0
131,6.396463019743965,1.476830061829296,4.63055889423077,,0.723503605769231,NuSVC_poly,0.0
132,4.268787560096154,-0.8786102955430599,-3.7435590282263744,,0.3194651442307693,NuSVC_poly,0.0
210,,,-6.392538704421465,1.6564002403846168,,SVC_rbf,0.0
223,,,,9.134512652778843,,SVC_linear,0.0
222,,4.8000300480769225,-3.474144109463795,1.5866887019230784,,SVC_sigmoid,0.0
221,,5.158237536248337,-3.4960981857783535,-3.413311298076922,,SVC_sigmoid,0.0
220,,,-5.886803347646974,-0.9220518838115341,,SVC_rbf,0.0
219,,0.06234975961538347,0.9998497596153837,,0.1998497596153845,NuSVC_sigmoid,0.0
218,,5.199068509615384,-3.0040564903846168,-9.437349759615383,,SVC_sigmoid,0.0
217,,4.217769088500518,-3.3987564066670672,-8.528137871795085,,SVC_sigmoid,0.0
216,4.772198016826923,1.0584435096153837,-4.019681490384617,-1.1485877403846168,,SVC_poly,0.0
215,,,,6.742037259615383,,SVC_linear,0.0
214,,4.337366891787245,3.7267127403846168,-9.11637839338715,,SVC_sigmoid,0.0
213,,,-5.782324517650763,0.7189002403846166,,SVC_rbf,0.0
212,,,-3.8514122596153837,,0.38855278674560806,NuSVC_rbf,0.0
211,,,-6.112041648603227,,0.37328725961538467,NuSVC_rbf,0.0
209,,2.9825411956139884,-3.4607872596153837,-1.6248497596153837,,SVC_sigmoid,0.0
225,,4.967104647643195,-3.8182917262802154,0.3366887019230782,,SVC_sigmoid,0.0
208,,,,2.6795372596153837,,SVC_linear,0.0
207,6.912532964479291,5.309805045985338,-2.4571814903846168,2.9146848501492713,,SVC_poly,0.0
206,,0.5115685096153836,-3.5978059400639144,-4.124849759615384,,SVC_sigmoid,0.0
205,,5.505566186104733,-3.279830187818677,0.8751502403846166,,SVC_sigmoid,0.0
204,,-0.850320563115343,0.33719760486054184,,0.2294891419692209,NuSVC_sigmoid,0.0
203,,-0.6338915533809736,-1.8126502403846168,,0.18052773957148927,NuSVC_sigmoid,0.0
202,,4.261568509615384,-2.9356825710022565,2.1251502403846168,,SVC_sigmoid,0.0
201,,5.210701697813083,-3.5180175297267566,-2.8748497596153837,,SVC_sigmoid,0.0
200,7.097919170673077,1.3709435096153837,0.5235877403846166,4.278179428920326,,SVC_poly,0.0
199,,-0.47611177884615496,0.46138822115384526,,0.22138822115384604,NuSVC_sigmoid,0.0
198,,4.660606971153846,-3.542518028846155,-8.898888221153845,,SVC_sigmoid,0.0
197,,4.7165313138232134,-3.5914593238582624,-7.989676333333546,,SVC_sigmoid,0.0
196,4.529890324519231,0.5199819711538453,-4.558143028846155,-1.687049278846155,,SVC_poly,0.0
224,,-0.9303391514672097,0.6424689360208851,,0.20795068043075937,NuSVC_sigmoid,0.0
226,,1.050030048076922,-3.213292170679251,-4.6633112980769225,,SVC_sigmoid,0.0
194,,4.435971366354482,4.265174278846155,-8.577916854925611,,SVC_sigmoid,0.0
242,,5.338491586538461,-3.9425498910310566,1.04822716346154,,SVC_sigmoid,0.0
255,,,,7.81896033653846,,SVC_linear,0.0
254,,5.242724804122775,2.64978966346154,-9.354489482284265,,SVC_sigmoid,0.0
253,,,-6.85924759457384,-0.35802283653846023,,SVC_rbf,0.0
252,,,-4.928335336538461,,0.3571509157854715,NuSVC_rbf,0.0
251,,,-6.26837876460129,,0.3484007671508769,NuSVC_rbf,0.0
250,,,-5.645717560881665,0.57947716346154,,SVC_rbf,0.0
249,,4.059464272537065,-3.854684059910313,-2.7017728365384603,,SVC_sigmoid,0.0
248,,,,3.7564603365384603,,SVC_linear,0.0
247,6.915003299050042,6.0960962358962165,-1.38025841346154,3.991607927072348,,SVC_poly,0.0
246,,1.5884915865384603,-2.850878060520663,-5.201772836538461,,SVC_sigmoid,0.0
245,,4.428643109181657,-3.949147368007011,-0.20177283653846023,,SVC_sigmoid,0.0
244,,-0.8518864463018405,0.9149630968967816,,0.19710870846343362,NuSVC_sigmoid,0.0
243,,,,9.376882181232137,,SVC_linear,0.0
241,,4.711189025441399,-3.399839908504775,-3.9517728365384603,,SVC_sigmoid,0.0
227,6.915390652401886,5.848266584446876,-1.9187199519230784,3.4531463886108096,,SVC_poly,0.0
240,,,-6.09989894928459,-0.9311045850213658,,SVC_rbf,0.0
239,,0.16964026110672176,0.9111422849164033,,0.18619522441466077,NuSVC_sigmoid,0.0
238,,5.185556431760163,-2.7643447481000227,-9.77778844434846,,SVC_sigmoid,0.0
237,,4.2130296956940265,-3.1949584267169464,-9.066599410256623,,SVC_sigmoid,0.0
236,5.014505709134616,1.596905048076922,-3.4812199519230784,-0.6101262019230783,,SVC_poly,0.0
235,,,,7.280498798076922,,SVC_linear,0.0
234,,4.735618123486441,3.1882512019230784,-9.617249699132968,,SVC_sigmoid,0.0
233,,,-6.3207860561123015,0.1804387019230782,,SVC_rbf,0.0
232,,,-4.3898737980769225,,0.3670143252071465,NuSVC_rbf,0.0
231,,,-6.443240175936282,,0.35693425126978867,NuSVC_rbf,0.0
230,,,-5.98668207046194,1.1179387019230784,,SVC_rbf,0.0
229,,3.5210027340755268,-3.8974842319391363,-2.163311298076922,,SVC_sigmoid,0.0
228,,,,3.217998798076922,,SVC_linear,0.0
133,2.677967247596154,6.220872224049611,0.14466037000404153,3.9684506617217683,,SVC_poly,0.0
195,,,,6.203575721153845,,SVC_linear,0.0
193,,,-5.243862979189225,1.257361778846155,,SVC_rbf,0.0
148,,-0.6211173141989449,0.15735189180864922,,0.19040066775200498,NuSVC_sigmoid,0.0
161,,4.2209551422311575,-3.1561158868967,-1.797926682692307,,SVC_sigmoid,0.0
160,7.582534555288461,0.29402043269230693,1.6005108173076934,4.318658849704061,,SVC_poly,0.0
159,,,5.263972355769232,,0.32694110576923086,NuSVC_rbf,0.0
158,,,4.892878605769232,-2.6272536057692317,,SVC_rbf,0.0
157,,5.413183524790428,-3.2802292448888806,-8.569845862901968,,SVC_sigmoid,0.0
156,,,,2.6266526442307687,,SVC_linear,0.0
155,,-4.053034855769232,0.22901448612146802,,0.2171439170191442,NuSVC_sigmoid,0.0
154,,5.512894443277559,5.342097355769232,-9.334824455918415,,SVC_sigmoid,0.0
153,2.9202749399038463,5.744777190046798,0.16942607209699062,4.204968745028148,,SVC_poly,0.0
152,4.511095252403846,-1.2394619363983692,-4.0838135095078165,,0.3410036057692309,NuSVC_poly,0.0
151,6.372649282125251,0.9383685233677576,4.092097355769232,,0.7019651442307695,NuSVC_poly,0.0
150,7.219594863226088,-1.4944411057692317,0.8889723557692316,3.1735276442307687,,SVC_poly,0.0
149,,1.3671565802293735,-1.8454026442307687,-0.009465144230768496,,SVC_sigmoid,0.0
147,,,,8.564152644230768,,SVC_linear,0.0
192,,,-3.3129507211538454,,0.4100912482840696,NuSVC_rbf,0.0
146,,-1.1038161057692317,-2.8960902576237353,-2.5094651442307687,,SVC_sigmoid,0.0
145,,,1.4553786057692317,-1.6897536057692317,,SVC_rbf,0.0
144,,,-5.614884802915181,,0.7379026442307695,NuSVC_rbf,0.0
143,,-0.4089127032979085,-3.4280348557692317,,0.2341065019339762,NuSVC_sigmoid,0.0
142,,2.6461838942307687,-3.0569411057692317,3.7405348557692317,,SVC_sigmoid,0.0
141,,4.026092483737426,-3.403243445551529,-1.2594651442307687,,SVC_sigmoid,0.0
140,7.824842247596154,-0.2444411057692315,2.1389723557692317,4.023978974111986,,SVC_poly,0.0
139,,,5.80243389423077,,0.3054026442307693,NuSVC_rbf,0.0
138,,,5.43134014423077,-3.16571514423077,,SVC_rbf,0.0
137,,5.482824533225954,-3.2449535812574894,-9.108307401363506,,SVC_sigmoid,0.0
136,,,,2.0881911057692304,,SVC_linear,0.0
135,,-4.59149639423077,-0.034307685987298164,,0.23646327922615895,NuSVC_sigmoid,0.0
134,,5.326688777712549,5.88055889423077,-9.765369272432782,,SVC_sigmoid,0.0
162,,3.184645432692307,-2.7149908574718506,3.2020733173076934,,SVC_sigmoid,0.0
163,,-0.8423890620361567,-2.8895733173076934,,0.2190173153739416,NuSVC_sigmoid,0.0
164,,,-5.512463782219674,,0.716364182692308,NuSVC_rbf,0.0
165,,,0.9169170673076933,-1.1512920673076934,,SVC_rbf,0.0
191,,,-5.573580110141688,,0.39482572115384623,NuSVC_rbf,0.0
190,,,-6.6941865582007525,2.194861778846155,,SVC_rbf,0.0
189,,2.44407965715245,-2.9223257211538454,-1.0863882211538454,,SVC_sigmoid,0.0
188,,,,2.1410757211538454,,SVC_linear,0.0
187,6.899691733211004,5.272637051730992,-2.995643028846155,2.9259307467984894,,SVC_poly,0.0
186,,-0.026893028846154854,-3.890328267883245,-3.5863882211538454,,SVC_sigmoid,0.0
185,,4.973106971153846,-2.7413686493571388,1.413611778846155,,SVC_sigmoid,0.0
184,,-0.48091947115384526,0.275288442254204,,0.24095836332163761,NuSVC_sigmoid,0.0
183,,-1.172353091842512,-2.351111778846155,,0.19799713040474717,NuSVC_sigmoid,0.0
182,,3.7231069711538454,-2.397221032540718,2.663611778846155,,SVC_sigmoid,0.0
181,,4.672240159351545,-3.320742382622273,-2.3363882211538454,,SVC_sigmoid,0.0
180,7.340226862980769,0.8324819711538454,1.062049278846155,4.367435931938417,,SVC_poly,0.0
179,,-1.0145733173076934,-0.07707331730769318,,0.24292668269230758,NuSVC_sigmoid,0.0
258,,4.6470948932986245,-3.302806286561561,-9.239326905886921,,SVC_sigmoid,0.0
178,,4.1221454326923075,-4.080979567307693,-8.360426682692307,,SVC_sigmoid,0.0
177,,5.254992852284752,-3.4688027816181566,-8.172756071660931,,SVC_sigmoid,0.0
176,4.287582632211539,-0.01847956730769318,-5.096604567307693,-2.2255108173076934,,SVC_poly,0.0
175,,,,5.665114182692307,,SVC_linear,0.0
174,,4.9744329048160205,4.803635817307693,-8.796362917456877,,SVC_sigmoid,0.0
173,,,-5.729947286596923,1.7958233173076934,,SVC_rbf,0.0
172,,,-2.774489182692307,,0.39931082218045766,NuSVC_rbf,0.0
171,6.2741238218839115,0.3999069849062191,3.5536358173076934,,0.680426682692308,NuSVC_poly,0.0
170,7.03939915868397,-0.9559795673076933,0.3505108173076932,3.711989182692307,,SVC_poly,0.0
169,,1.9056181186909118,-2.383864182692307,-0.5479266826923069,,SVC_sigmoid,0.0
168,,-0.08265577573740646,0.4003508223391573,,0.21193912929046652,NuSVC_sigmoid,0.0
167,,,,9.102614182692307,,SVC_linear,0.0
166,,-0.5653545673076933,-3.4345517960852736,-3.047926682692307,,SVC_sigmoid,0.0
279,,,,0.8574218749999987,,SVC_linear,-1.7976931348623157e+308
319,,2.4923377403846136,-0.44155649038461353,-8.56755216755121,,SVC_sigmoid,-1.7976931348623157e+308
340,,4.3935284888348445,-2.87838453148239,-1.644080528846152,,SVC_sigmoid,-1.7976931348623157e+308
