,coef0,n,logGamma,C,kernel,degree,value
487,-0.8516378021837001,,2.144325173186543,5.9625811109688005,SVC_poly,5.488629491969912,0.9758913048882867
304,-1.2605168269230753,,2.2370793269230753,5.674579326923076,SVC_poly,5.645357572115385,0.9752760006395494
486,-1.8994610892224162,,2.2883522095324853,5.520733173076921,SVC_poly,5.618843493495346,0.9751298895609146
363,-0.8914691153152202,,2.584797873674198,1.0399639423076903,SVC_poly,5.558314670622871,0.9734335170022732
469,-1.0250557137120804,,2.6225415726321835,5.154731244433205,SVC_poly,6.1077083003115185,0.9724197192833473
494,-1.6745413984164672,,1.497992065001367,6.046148111918425,SVC_poly,5.545496573802496,0.9721973260090021
506,-1.4798848614171127,,1.7962164178003288,6.059194711538459,SVC_poly,5.44959037842606,0.9720653942208136
424,-1.1724455727893246,,1.250384973782306,5.294326932690939,SVC_poly,5.90402539296591,0.9712229720920412
391,-1.597660869740265,,1.3864987176897392,3.679387019230767,SVC_poly,6.004521518547153,0.971003739724547
453,-2.1059359079488225,,1.71913719131094,5.449874050090111,SVC_poly,5.989964143836172,0.9708083479966358
473,-1.696478972665954,,2.257598729772478,5.157791792913013,SVC_poly,5.74765645152848,0.9702224246592543
498,-1.1969060241725495,,1.8977923103156624,5.981989040822268,SVC_poly,5.310407208082236,0.9700541896543505
454,-1.7698510617408938,,1.7620986741606468,5.74450549670408,SVC_poly,5.70860937932244,0.9694786066937029
456,-1.310972291697869,,1.676551274464063,6.214836573591764,SVC_poly,5.583865797967942,0.9691639365026941
406,-0.7819978110174847,,1.7572296179456985,3.366887019230767,SVC_poly,5.31375518407943,0.9691382291285848
488,-1.4550726945500392,,1.6547033271516223,5.39196005549492,SVC_poly,5.665921401032558,0.9690446705169358
478,-1.6007549441198832,,2.0497890265846737,6.057078906627457,SVC_poly,5.517024271605281,0.9689360330954614
436,-1.8494338301594073,,1.1380897360025246,5.68885135377976,SVC_poly,5.7981071015313725,0.9682376790575014
389,-1.6668073268795065,,1.8356721741681632,5.883229571259933,SVC_poly,5.234644823878182,0.9680153779629365
344,-1.7071512988674848,,3.07860552086382,6.2447485168707155,SVC_poly,5.8150680741901235,0.9680118965228299
405,-1.0001297219148446,,1.8506674064346789,6.175294161702636,SVC_poly,5.374890491144596,0.9678506379567665
392,-1.1372161745627045,,2.1538136767078644,5.831321482286315,SVC_poly,5.524418125468025,0.9677652445982863
387,-0.593556827074409,,2.1866061639709202,5.30476038278903,SVC_poly,5.618576332493871,0.9677052731778332
410,-1.1985699768020845,,2.658008938486514,5.339723925644539,SVC_poly,5.828696206151148,0.9676910932748866
423,-0.6789630844019217,,1.9701815063027883,2.6553485576923053,SVC_poly,5.591394963755306,0.966882552924425
441,-1.2014322523072234,,2.0667752700576942,5.181119668451138,SVC_poly,5.625001210091475,0.9665863593261449
464,-1.7639037890315632,,2.327308050705383,6.308795481361887,SVC_poly,6.258142308456594,0.9665427104849996
495,-0.6410899533660803,,1.8660624042979452,3.8716947115384586,SVC_poly,5.4382465618641165,0.9664774030312941
445,-0.7419812444208731,,2.638329042661313,5.121893342003782,SVC_poly,5.438878141204929,0.966266155279168
286,-2.6846233607686236,,3.7447907607648783,7.745642772137892,SVC_poly,6.4104834801081,0.9661309019218279
503,-0.951401612022361,,2.7186400077548916,4.809194711538459,SVC_poly,5.528977113163247,0.9658775111729142
468,-1.9935342330115775,,2.0965831825209,5.70738315645566,SVC_poly,5.872580559076136,0.9656839472109452
365,-2.0770527988379213,,2.333015773412564,7.252217238625713,SVC_poly,5.686523566027028,0.9652879805423827
434,-1.4101109943985382,,2.1695774207374208,5.2060439582425415,SVC_poly,5.9509170716301325,0.9651679721297958
385,-1.538591260376383,,1.7945542349510255,6.7137557001641746,SVC_poly,5.444215873719336,0.9649560117473275
449,-0.8732405686944106,,2.084080034170645,5.6931927828947435,SVC_poly,5.937512951039068,0.9640808170079964
390,-0.7909730657880574,,2.4093858762205707,5.185403479755831,SVC_poly,5.752937951464598,0.9638430517405311
467,-1.1908595592369509,,2.5138657357720247,5.811546469721418,SVC_poly,5.537469312230755,0.963743799805485
254,-2.9960937499999987,,3.833767957461744,7.499004051694262,SVC_poly,6.397061431324234,0.9636059106337695
437,-0.7326850536457566,,2.2563100961538436,5.788651527712024,SVC_poly,5.869060351629008,0.963450281053662
393,-0.9062618625463621,,1.636821599736157,6.179387019230767,SVC_poly,5.366027439804491,0.9634289703852371
500,-0.765844926517055,,1.922981342091283,5.358695776456956,SVC_poly,5.546563454767249,0.9630874484279301
153,-3.262064227616243,,3.3936940357256855,7.2288919108704,SVC_poly,6.564390841591892,0.9630595059403431
455,-1.1880849738546768,,2.942985481221022,2.794771634615382,SVC_poly,5.549390203090822,0.96298444721624
255,-3.5829464838806846,,3.949569438811841,2.4101562499999987,SVC_poly,6.3723761796517255,0.9629697780706511
447,-1.5456777913805975,,2.5888910731129333,5.6048608953233465,SVC_poly,5.682066561465494,0.962856174450183
492,-0.8393781273711265,,1.6679277601403584,6.256898504017226,SVC_poly,5.496023361225824,0.9625870770158483
446,-1.1166723890816035,,2.2295111260218246,4.443810096153844,SVC_poly,5.798370568694815,0.9623850026423917
480,-0.8948902864759518,,2.4614428805528212,5.897157314918494,SVC_poly,5.6062296602717065,0.9623786418190775
475,-0.7814308683667827,,2.4045239427594836,3.3332331730769202,SVC_poly,5.4876188846527905,0.9623241125906569
382,-0.36977712197370916,,2.1334475623210594,5.084738507510481,SVC_poly,5.21999374082208,0.96228494428646
380,-1.1092363564519432,,1.6976124910962227,5.771377379346798,SVC_poly,5.49437904450332,0.9617688462207956
379,-0.6752859910231237,,2.176225236790768,4.078425480769229,SVC_poly,5.405516353878327,0.9615768342986692
484,-1.2254422505700249,,2.7996792863338635,5.770333942900349,SVC_poly,6.158685034169144,0.9614674514483872
364,-1.293395567627448,,2.860041642259046,5.773198953930896,SVC_poly,5.572760381882431,0.9613265809086224
362,-0.8951322115384602,,2.6719091007825977,5.621982127471919,SVC_poly,5.44533343031791,0.9609188151576065
412,-1.6469107825297886,,2.6922752151694027,5.2928599438247765,SVC_poly,5.59011351127993,0.9608865639887595
319,-2.2445914495511206,,3.791609852175383,2.4630408653846136,SVC_poly,6.132439430801404,0.9608209235543226
502,-0.9745510816499018,,2.3057437615264362,5.718954554949673,SVC_poly,5.659373374201768,0.9605252756674381
432,-2.1202187431720376,,2.953363457481399,5.296631154560812,SVC_poly,5.759622001050259,0.9604391194789814
444,-1.710907111250863,,1.7888465122438446,5.832788471152477,SVC_poly,6.107782339328706,0.9597134477415823
403,-0.14050154594038328,,1.6210699321600206,2.116887019230767,SVC_poly,5.416995700732581,0.9596936435664327
38,-3.679709591134473,,3.8731351210802134,8.076632610139395,SVC_poly,6.568058201146202,0.9596931194448558
501,-1.0097151965684596,,2.2953460754787307,6.101223423804225,SVC_poly,5.7593366885525725,0.9596624744428619
414,-1.0096586981176416,,2.708038959198959,5.223473490770994,SVC_poly,5.803693809554009,0.9595205960327554
426,-0.8386099503729288,,1.691049587560286,3.9053485576923053,SVC_poly,5.556062876387123,0.9595016148570421
134,-3.1037732088299252,,3.932155574187224,7.065310826496766,SVC_poly,6.526567456209788,0.9583232451331207
386,-1.320459349479023,,1.8934529535795743,2.8284254807692286,SVC_poly,5.302268987686238,0.9580331874778072
429,-1.411702107155949,,1.5456184957091068,6.231654321356282,SVC_poly,5.719260208493567,0.9575957617626333
324,-1.7989783653846136,,2.7755408653846136,6.213040865384614,SVC_poly,5.887665264423077,0.9565062723372566
435,-1.7265465123162151,,2.8435897414453857,2.2563100961538436,SVC_poly,5.664302623700916,0.9563622426829749
457,-1.1914153018441236,,2.7856978154997205,5.270207553148681,SVC_poly,5.798599535074803,0.9562858127358129
438,-1.740766827449667,,2.5051616224368765,5.677038702620166,SVC_poly,6.001639656220665,0.9551361764764599
381,-0.8984326287136625,,2.544412743828633,6.239686400268971,SVC_poly,5.783919380379417,0.9549023552308273
77,-4.062223314082837,,3.348646040657545,8.58120585065269,SVC_poly,6.595323602374202,0.9546942424251847
326,-2.935843964863638,,3.5088375689641893,1.2130408653846136,SVC_poly,5.944668793269328,0.954525294632958
493,-1.1580174342044156,,2.7634019908315235,5.493097679479716,SVC_poly,5.505348759220787,0.953984149234435
496,-0.5374938294406055,,2.7534743513871396,6.235458060858411,SVC_poly,5.405650045963012,0.9539708663220827
491,-1.2584054056723555,,2.871616248843065,6.0966698150242,SVC_poly,5.292222656766362,0.9529923560736557
58,-4.175825432268946,,3.586113992160427,8.55560897027879,SVC_poly,6.625374214792403,0.9513125424597616
394,-0.646493789793234,,2.741887019230767,5.761935029232532,SVC_poly,5.561386117246316,0.950516307075983
378,-0.9454587904230686,,1.8430430309177954,5.837856018353406,SVC_poly,5.423690429311383,0.9502493026056202
388,-0.5660804245050104,,1.9877190765826653,5.425327330206349,SVC_poly,5.3249329680797,0.9502109191533504
383,-0.38787882047997824,,2.0463363352126596,1.5784254807692286,SVC_poly,5.3573388907789905,0.94885881813269
471,-0.8690258728251842,,2.6007649850087895,5.833233173076921,SVC_poly,5.413450996188933,0.9479776239747688
439,-1.573441782412972,,2.2583442148838535,5.693810096153844,SVC_poly,5.831321900094189,0.9427580026165954
476,-0.7725107532363306,,2.2150128129256013,6.4898809580039805,SVC_poly,5.390741366240223,0.9404877912768246
448,-1.7571314787281338,,2.6350447209824384,5.9798021503905465,SVC_poly,5.73679105099054,0.9390742179529858
425,-0.6504156932594247,,2.389128944896217,5.636832623241098,SVC_poly,5.400480634095158,0.9322898493730433
477,-1.729876840305662,,3.058805633308359,5.16235146744474,SVC_poly,5.665046796591485,0.9316349711523312
483,-1.4339954491690026,,2.81737368998607,4.270733173076921,SVC_poly,5.771284805470939,0.9219110805317714
320,-1.8255673347909482,,3.237658407844695,7.386761994731413,SVC_poly,5.988770774702596,0.9184605925652521
18,-3.18359375,,4.16015625,7.59765625,SVC_poly,6.5107421875,0.9116698071334334
321,-2.5138172440982776,,1.5255408653846136,4.963040865384614,SVC_poly,5.325165264423077,0.8772045225178248
422,-0.8605034620968647,,1.741702154857847,5.2830963567218,SVC_poly,5.7046091254374645,0.8733733106675873
360,-0.7486442578678715,,2.1607353309216184,6.309838917808336,SVC_poly,5.504155390087211,0.8730740397395985
300,-2.783052988012659,,4.330071390636921,1.9245793269230753,SVC_poly,6.374747123109096,0.870010648284976
306,-3.4743055033251764,,4.047299107425728,0.6745793269230753,SVC_poly,6.18697648557702,0.8681454463194072
303,-2.5105168269230753,,4.287293716167213,7.237366742856534,SVC_poly,6.172256507240987,0.8668284301483627
232,-3.5363068310615895,,2.8851153853992813,4.371694711538461,SVC_poly,6.465309495192308,0.866805798651531
408,-0.9205604035452062,,2.383994568100505,5.375879866072278,SVC_poly,5.252175666375155,0.866697259689956
287,-4.012767041786715,,3.508837568964189,0.13611778846153688,SVC_poly,6.208340657965144,0.8666727995940795
240,-3.3951322115384603,,1.8716947115384603,6.3226637030164765,SVC_poly,6.562987461903943,0.8607064654189133
253,-3.439867086063149,,3.4823139610822955,-0.08984375000000155,SVC_poly,4.4576171875,0.8604078935966095
413,-1.4447234010079004,,1.3022291867073168,6.526797127013188,SVC_poly,5.608335132112184,0.8602425094027437
96,-3.709988567226594,,3.8871075791190832,8.042744312191152,SVC_poly,6.541036784708223,0.8566845164690055
301,-2.3640288732524866,,3.7761199463062334,7.831620731478914,SVC_poly,6.231078467010288,0.8550738224194847
115,-3.342934006912602,,4.419230572729424,7.54584401197894,SVC_poly,6.513576989354012,0.8549168643878282
236,-3.327146338572976,,3.4341947115384603,1.8716947115384603,SVC_poly,6.367991160817922,0.8457772914315902
233,-2.63979598131551,,0.9341947115384603,6.756994638326684,SVC_poly,6.742877453903825,0.7770315271396434
417,-1.271146592107295,,1.7178485576923053,6.248354519100978,SVC_poly,5.6267526593213155,0.7755736730939568
402,-0.5577096543481184,,1.7714208033798295,4.744634818260262,SVC_poly,5.462301433129772,0.7752197477270051
421,-0.662970713845685,,1.7583979391584652,5.548766682565979,SVC_poly,5.382693517783783,0.7751042880967567
401,-0.6970295813249995,,2.045393777074951,6.087228221027518,SVC_poly,5.581380577339293,0.7750289461576473
299,-3.099304944269222,,3.4870793269230753,7.9380483184010915,SVC_poly,6.320679769596251,0.7750161418301386
398,-0.8008640009807337,,1.9375755050819425,5.299394479891868,SVC_poly,5.621340115323496,0.7720488195367256
397,-1.8096081305688334,,1.179387019230767,6.027796040633582,SVC_poly,5.384444967013623,0.771113205763882
400,-1.6476978949134815,,1.5801437610144355,5.232915840885259,SVC_poly,5.732799679137415,0.7702622370645574
252,-3.1782575197770484,,1.4726562499999987,6.510428712438676,SVC_poly,6.500569761596132,0.7701884726139636
399,-0.49651870548989524,,1.6595968644559398,4.616887019230767,SVC_poly,5.532378314105662,0.7686004257719343
260,-3.6727270016215607,,2.4101562499999987,6.861125241478015,SVC_poly,6.8052951542116356,0.7675688583891008
361,-1.436894167175201,,2.6024639423076903,6.039963942307691,SVC_poly,5.809780649038462,0.7669356982575299
409,-1.9501636456174876,,1.304091108905034,6.3604891568854045,SVC_poly,5.476952516185874,0.7643445025026155
166,-5.125901442307693,,3.215342966367314,8.235773115122024,SVC_poly,6.274875117522888,0.7621841318897041
358,-1.483920328884607,,1.8716947115384603,6.376317556814945,SVC_poly,5.593756692673174,0.7587052235942261
171,-3.4203552464025604,,2.855232497264147,7.3924729952440345,SVC_poly,6.602214226973995,0.7586425785382656
168,1.2587139423076934,,2.217848557692307,5.655348557692307,SVC_poly,6.535265254558347,0.7479788865307206
150,1.7971754807692317,,1.6793870192307687,5.116887019230768,SVC_poly,6.777572946866039,0.7424593681682865
93,3.4125600961538467,,0.06400240384615352,3.5015024038461533,SVC_poly,7.504496023789116,0.7149673425043523
234,-3.9783286245246874,,3.1260282798367633,-0.62830528846154,SVC_poly,4.215309495192308,0.6833882992341713
266,-2.590330578171521,,3.5411811327325777,7.353289251895524,SVC_poly,6.463809250913489,0.6782995107275392
74,3.951021634615385,,-0.4744591346153849,2.963040865384615,SVC_poly,7.746803716096808,0.675150914335614
420,-1.4814089438898037,,2.118605299475974,5.296335565211642,SVC_poly,5.873985185031114,0.6740343681815832
294,-2.8623464531449687,,4.2358536225877605,3.4870793269230753,SVC_poly,6.456693666923785,0.6688724217722847
459,,,,-5.553857601333324,SVC_linear,,0.6577025151932994
462,,,,-5.5177661519942145,SVC_linear,,0.6577025151932994
479,,,,-5.469398449030976,SVC_linear,,0.6577025151932994
482,,,,-5.605230099128957,SVC_linear,,0.6556944793103898
465,,,,-5.358617405084415,SVC_linear,,0.6533257443317708
481,,,,-5.294357655643424,SVC_linear,,0.6508410169391028
461,,,,-5.750454226662926,SVC_linear,,0.645240557815262
458,,,,-6.175958434284866,SVC_linear,,0.6371301131865932
463,,,,-6.569542303317918,SVC_linear,,0.6367117422068007
131,2.33563701923077,,1.1409254807692304,4.57842548076923,SVC_poly,7.019880639173731,0.6205251351662285
460,,,,-3.888521634615382,SVC_linear,,0.6109566070480212
466,,,,-4.6467238484606215,SVC_linear,,0.6079052217025823
452,,,,-4.685171088737174,SVC_linear,,0.6028371070006883
450,,,,-4.754357958655808,SVC_linear,,0.6002947028248525
485,,,,-4.820155866622876,SVC_linear,,0.5871175374882389
418,-1.3393255394422723,,2.2076040861650403,5.371184926481377,SVC_poly,5.850351772296398,0.5817127998169025
263,-1.4335937499999987,,3.2501250558715484,7.679796876618263,SVC_poly,6.656871891856372,0.5800864460673235
290,-2.2504585559340025,,4.281864544664697,5.987079326923076,SVC_poly,6.278022982176828,0.5800256293474366
343,-1.4299306537767587,,3.123259412135736,0.5015024038461519,SVC_poly,5.8006223629305635,0.5785404642390036
293,-2.9960937499999987,,3.870881678499241,8.147778757541314,SVC_poly,6.435798967331472,0.5784116002254025
451,,,,-4.994438209077131,SVC_linear,,0.5749225081665182
419,-1.0349802439514337,,1.719882676422315,5.155348557692306,SVC_poly,5.744532164072689,0.5744440360540817
274,-3.400807991606507,,4.463708796027822,2.948617788461537,SVC_poly,6.417685207376744,0.4840380707272212
283,-1.972055288461537,,3.7885865943330868,7.3435123883721545,SVC_poly,6.414564199548679,0.4823204543865015
281,-2.492636702587556,,3.591481771665509,7.293159193017376,SVC_poly,6.288591528170053,0.48007148867152705
411,-1.925201924329943,,0.9853803696241745,4.217848557692306,SVC_poly,5.99388135594057,0.47238584501044417
505,,,,-4.58090577767192,SVC_linear,,0.4516067948509427
279,-3.6377664827307603,,2.948617788461537,7.399586779939553,SVC_poly,6.562987461903943,0.393701633038315
504,,,,-5.139991607292782,SVC_linear,,0.39264897448156955
280,-3.321514526474197,,4.105858588798663,1.386117788461537,SVC_poly,6.2615406123096395,0.389145315175227
247,-2.5912940061690724,,3.637285651318462,7.044313133021399,SVC_poly,6.487302416505796,0.3867843706159492
261,-2.7149858376450995,,3.5278987244045834,6.754697654555837,SVC_poly,6.530899220477745,0.3802099440377423
267,-3.605316154747379,,2.9703760305026505,-0.40234375000000155,SVC_poly,6.308394895606203,0.37912708363921466
210,-2.7989783653846168,,3.7755408653846168,-2.0177283653846168,SVC_poly,6.683819110576923,0.37880479319559124
213,-3.3518120748508196,,3.2121165807503016,3.833233173076922,SVC_poly,6.223001802884616,0.35928768469687955
292,-2.3629440091400724,,4.011402406815394,0.9870793269230753,SVC_poly,4.942232572115385,0.29521620831857104
244,-0.8951322115384603,,3.644700148058612,7.7489077862251925,SVC_poly,6.754821476301628,0.2911099360653571
273,-3.534555288461537,,3.9802393154293263,8.0374655901558,SVC_poly,6.428953730762686,0.28889855200260683
19,-0.83984375,,4.19921875,1.34765625,SVC_sigmoid,,0.2871599315727492
242,-2.97205528846154,,3.5831435462137025,6.485807035980839,SVC_poly,6.7732069127854375,0.2835746049079597
489,,,,-5.639011184185625,SVC_linear,,0.2539822528798384
39,-0.30138221153846156,,4.737680288461538,1.8861177884615383,SVC_sigmoid,,0.2508966284189228
490,,,,-5.739975685802415,SVC_linear,,0.2463720280537524
470,,,,-5.292819497117346,SVC_linear,,0.20058065852750295
474,,,,-5.542677598070211,SVC_linear,,0.20058065852750295
472,,,,-5.163435284527312,SVC_linear,,0.20058065852750295
307,-2.6151304460476172,,1.8380408653846136,7.458606536635183,SVC_poly,5.935922298498567,0.19997960890949634
312,-2.4576322115384603,,3.3324201400377027,7.985167636132468,SVC_poly,6.19349127502378,0.19758420577831504
248,-3.0668546162858408,,2.8583183173507565,-0.94080528846154,SVC_poly,6.521148311674711,0.19373144246005766
156,-3.2984433261926114,,3.780348557692307,2.217848557692307,SVC_poly,5.496078725961539,0.19370751695120997
270,-2.7456342935347533,,3.862246689599109,5.448617788461537,SVC_poly,6.495981316531704,0.19168002853876076
119,-3.555250348875902,,2.7034254807692304,1.1409254807692304,SVC_poly,5.011463341346154,0.19101114214936837
209,-3.1253296434261,,3.0980545062540927,7.225928505035588,SVC_poly,6.579825479464189,0.1889167932331465
207,0.18179086538461653,,3.2947716346153837,6.732271634615383,SVC_poly,6.270206091686243,0.18819577107609825
194,-3.008987683164353,,3.75057811921184,3.2947716346153837,SVC_poly,5.980694110576923,0.18411066489491631
112,2.8740985576923084,,0.602463942307692,4.039963942307692,SVC_poly,7.262188331481424,0.17563188088874276
442,,,,-5.301257329410286,SVC_linear,,0.13495326182760736
430,,,,-5.0907541094926065,SVC_linear,,0.13343277417507804
440,,,,-3.3500600961538436,SVC_linear,,0.12218000679648056
374,-1.114862095397549,,2.2034254807692286,6.3003965676940705,SVC_poly,5.319078424938624,0.09994004612671868
205,-4.048978365384617,,3.153989627027849,7.158850038198947,SVC_poly,6.759490502138273,0.09987225874840953
367,-0.9997458306630022,,2.530496552417002,5.843221921250568,SVC_poly,5.4696809097236105,0.09974780186689938
332,-1.919170673076922,,2.7939586015761644,7.44670609767093,SVC_poly,5.951183582716087,0.09510469087029595
217,-3.0293411132044645,,2.895733173076922,1.333233173076922,SVC_poly,6.517232572115384,0.09437323878790635
190,-3.5044117710244564,,2.932538370883691,7.353945529101666,SVC_poly,6.613897539576189,0.09427223868039453
186,-4.587439903846155,,3.073983333135741,7.697311576660486,SVC_poly,6.51718280983058,0.09410214984768231
138,-3.506365715935353,,3.2418870192307687,1.6793870192307687,SVC_poly,5.253771033653846,0.09408312021599761
191,-3.337439903846155,,4.314002403846155,-2.556189903846155,SVC_poly,6.441511418269231,0.09394820591458551
188,0.720252403846155,,2.7563100961538454,6.193810096153845,SVC_poly,6.29928783503956,0.0872694477819453
431,,,,-5.53289974753867,SVC_linear,,0.06949808873338333
69,6.451021634615385,,-7.974459134615385,0.09273118256018353,SVC_poly,6.346319110576923,0.061069481085579816
347,-1.5382073691245406,,2.825852865797227,6.381683459712106,SVC_poly,5.451306913883182,0.0
348,-1.0113322740387556,,1.9698145981747963,6.502250407129425,SVC_poly,5.705478818480445,0.0
339,,,,-6.146744423632056,SVC_linear,,0.0
346,,,,-7.172916167069083,SVC_linear,,0.0
345,,,,-5.734820788470516,SVC_linear,,0.0
86,-3.1499399038461533,,-5.873497596153847,2.5640024038461537,SVC_poly,3.4018479567307693,0.0
342,,,,-6.383439940438246,SVC_linear,,0.0
349,,,,-2.1337139423076903,SVC_linear,,0.0
341,,,,-5.721100979509785,SVC_linear,,0.0
340,,,,-0.657752403846152,SVC_linear,,0.0
337,-1.087439903846152,,-0.43599759615384825,5.477346567175568,SVC_poly,6.0804844100293165,0.0
338,,,,-5.178370721905237,SVC_linear,,0.0
78,0.7755408653846153,,5.814603365384615,2.963040865384615,SVC_sigmoid,,0.0
76,,0.4997716346153847,-6.802584134615385,,NuSVC_rbf,,0.0
75,,0.8331016210545333,-0.5525841346153849,,NuSVC_rbf,,0.0
336,,,,-5.908752023647297,SVC_linear,,0.0
335,3.071169098023298,0.4256569964030539,-7.108813095103105,,NuSVC_sigmoid,,0.0
384,,,,-4.9375014494224665,SVC_linear,,0.0
334,,,,-5.544776639509244,SVC_linear,,0.0
333,-1.785423376221892,,3.158930545664684,4.564002403846152,SVC_poly,5.9720782823084,0.0
73,,,-2.220853365384615,1.099459134615385,SVC_rbf,,0.0
79,,0.6338100961538461,0.9906850961538466,,NuSVC_rbf,,0.0
377,,,,-4.234675480769229,SVC_linear,,0.0
80,,0.28381009615384617,4.740685096153847,,NuSVC_rbf,,0.0
369,,,,-2.6721754807692286,SVC_linear,,0.0
370,-1.011135043365492,,1.9103909039516882,5.4335056355155995,SVC_poly,5.579234980774153,0.0
371,-1.0591993312787267,,1.8575562529692409,3.1409254807692286,SVC_poly,5.897476492855295,0.0
372,-0.8422475961538453,,1.7170355246530877,6.369783020747853,SVC_poly,5.466568198100703,0.0
368,-0.7119870008505437,,1.862138199250528,5.963788868667887,SVC_poly,5.463171126172752,0.0
366,,,,-6.6344546286075445,SVC_linear,,0.0
81,,,-0.5718149038461536,7.123497596153847,SVC_rbf,,0.0
82,,,-5.571814903846153,2.1234975961538467,SVC_rbf,,0.0
83,,,,-8.73554361121607,SVC_linear,,0.0
85,-3.8422475961538467,,-0.8734975961538466,-2.4359975961538467,SVC_poly,8.21338641826923,0.0
359,,,,-5.608282885170517,SVC_linear,,0.0
357,,,,-3.6962139423076903,SVC_linear,,0.0
373,-0.7169739035241415,,2.0820074687416072,5.640925480769229,SVC_poly,5.487462897693016,0.0
356,,,,-5.370290485185759,SVC_linear,,0.0
355,,,,-6.557250971365733,SVC_linear,,0.0
375,,,,-6.018789432904195,SVC_linear,,0.0
354,-1.6533236338590873,,1.6649639423076903,6.838858106155609,SVC_poly,5.395541296158867,0.0
376,,,,-4.831828946724221,SVC_linear,,0.0
353,-1.2469618377603537,,2.6204690072031456,5.102463942307691,SVC_poly,5.729770590000708,0.0
352,-1.3807091346153837,,2.255497063114626,6.9082445592093915,SVC_poly,5.708875890408395,0.0
351,-0.7475593937554573,,2.396017791430779,2.6024639423076903,SVC_poly,5.669155649038462,0.0
350,-1.5495965818270303,,2.008379596205968,5.971967173977138,SVC_poly,5.407264876520502,0.0
72,,,,6.880709134615385,SVC_linear,,0.0
104,-3.3037860576923084,,-0.33503605769230815,-1.8975360576923084,SVC_poly,7.971078725961538,0.0
71,5.737335387094108,0.5361658653846155,4.380709134615385,,NuSVC_sigmoid,,0.0
28,,0.6870333533653846,,,NuSVC_linear,,0.0
21,-0.45763221153846156,0.7839302884615386,7.645132211538462,,NuSVC_poly,7.569400244262343,0.0
22,-3.2832668731671526,,0.011117788461538436,-1.5513822115384617,SVC_poly,3.7999248798076923,0.0
23,0.011117788461538436,,1.3001802884615383,-4.676382211538462,SVC_sigmoid,,0.0
24,6.434194711538462,0.3582934143567019,3.8951322115384617,,NuSVC_sigmoid,,0.0
25,,0.7191947115384615,8.856069711538462,,NuSVC_rbf,,0.0
26,,,8.543569711538462,-3.7611177884615383,SVC_rbf,,0.0
27,,,,-9.402944711538462,SVC_linear,,0.0
29,,0.5101150841346154,,,NuSVC_linear,,0.0
40,,0.5907331730769231,2.0676081730769234,,NuSVC_rbf,,0.0
30,,,,5.457632211538462,SVC_linear,,0.0
31,,,6.356069711538462,-5.323617788461538,SVC_rbf,,0.0
32,,0.40669471153846154,-4.129507211538462,,NuSVC_rbf,,0.0
33,-2.8013822115384617,0.12231971153846154,-2.0423677884615383,,NuSVC_sigmoid,,0.0
34,0.9486177884615384,,8.487680288461538,3.1361177884615383,SVC_sigmoid,,0.0
35,5.027944711538462,,-1.5513822115384617,1.8861177884615383,SVC_poly,8.231419100712193,0.0
36,1.1048677884615383,0.16450721153846154,-6.590444711538462,,NuSVC_poly,2.1651592548076923,0.0
20,4.715444711538462,0.8339302884615385,6.395132211538462,,NuSVC_poly,8.852418870192308,0.0
17,-5.68359375,0.19296875000000002,-8.37890625,,NuSVC_poly,3.6103515625,0.0
16,0.56640625,0.14296875,-7.12890625,,NuSVC_poly,1.9228515625,0.0
15,5.56640625,,-2.08984375,1.34765625,SVC_poly,8.1982421875,0.0
2,-3.49609375,,-0.52734375,-2.08984375,SVC_poly,3.5576171875,0.0
3,-0.52734375,,0.76171875,-5.21484375,SVC_sigmoid,,0.0
4,6.97265625,0.33828125,4.43359375,,NuSVC_sigmoid,,0.0
5,,0.69765625,9.39453125,,NuSVC_rbf,,0.0
499,,,,-5.2552356209988815,SVC_linear,,0.0
6,,,9.08203125,-3.22265625,SVC_rbf,,0.0
497,,,,-5.078491146222525,SVC_linear,,0.0
7,,,,-9.94140625,SVC_linear,,0.0
8,,0.71341796875,,,NuSVC_linear,,0.0
9,,0.48373046875,,,NuSVC_linear,,0.0
10,,,,5.99609375,SVC_linear,,0.0
11,,,6.89453125,-4.78515625,SVC_rbf,,0.0
12,,0.38515625,-4.66796875,,NuSVC_rbf,,0.0
13,-3.33984375,0.10078125,-1.50390625,,NuSVC_sigmoid,,0.0
14,0.41015625,,7.94921875,2.59765625,SVC_sigmoid,,0.0
37,,0.4566947115384616,-7.879507211538462,,NuSVC_rbf,,0.0
41,0.08082932692307687,0.762391826923077,7.106670673076923,,NuSVC_poly,7.811707936570035,0.0
70,1.451021634615385,,-2.974459134615385,5.463040865384615,SVC_poly,5.550165264423077,0.0
404,,,,-5.001789639218371,SVC_linear,,0.0
330,-2.0880581202885686,,2.3054083958906695,6.510428712438676,SVC_poly,5.59275987317812,0.0
56,1.6433293269230766,0.18604567307692307,-6.051983173076923,,NuSVC_poly,2.4074669471153847,0.0
57,,0.47823317307692315,-7.341045673076923,,NuSVC_rbf,,0.0
60,,0.6122716346153846,1.529146634615385,,NuSVC_rbf,,0.0
407,,,,-4.5278074838150815,SVC_linear,,0.0
61,-3.8535895889627674,,1.0880408653846154,-0.4744591346153849,SVC_poly,4.284540264423077,0.0
62,,,-5.033353365384615,2.661959134615385,SVC_rbf,,0.0
63,5.357271634615385,0.39270332196043267,2.818209134615385,,NuSVC_sigmoid,,0.0
443,,,,-7.108003841779456,SVC_linear,,0.0
396,,,,-4.314556357964459,SVC_linear,,0.0
395,,,,-5.480327894442657,SVC_linear,,0.0
64,,0.7622716346153845,7.779146634615385,,NuSVC_rbf,,0.0
65,-4.380709134615385,,-1.411959134615385,-2.974459134615385,SVC_poly,8.455694110576923,0.0
66,,,,-8.326021634615385,SVC_linear,,0.0
67,,0.634264122596154,,,NuSVC_linear,,0.0
68,-0.3182091346153848,0.3075841346153847,1.798504817717485,,NuSVC_poly,9.070928485576923,0.0
415,,,,-4.9418663559811185,SVC_linear,,0.0
416,,,,-3.994472543695184,SVC_linear,,0.0
55,4.489483173076923,,-1.0129206730769234,2.4245793269230766,SVC_poly,7.989111408404501,0.0
54,,,-1.6823918269230766,1.6379206730769234,SVC_rbf,,0.0
42,-3.315128050501229,,0.5495793269230769,-1.0129206730769234,SVC_poly,4.042232572115385,0.0
43,0.5495793269230769,,1.8386418269230766,-4.137920673076923,SVC_sigmoid,,0.0
44,5.895733173076923,0.3765260586508881,3.3566706730769234,,NuSVC_sigmoid,,0.0
45,,0.740733173076923,8.317608173076923,,NuSVC_rbf,,0.0
46,-4.919170673076923,,-1.9504206730769234,-3.5129206730769234,SVC_poly,8.698001802884615,0.0
47,,,,-8.864483173076923,SVC_linear,,0.0
48,,0.6606487379807693,,,NuSVC_linear,,0.0
433,,,,-5.276340352581981,SVC_linear,,0.0
49,,0.5364996995192307,,,NuSVC_linear,,0.0
50,,,,4.919170673076923,SVC_linear,,0.0
428,,,,-5.274786824808832,SVC_linear,,0.0
427,,,,-5.06626902227662,SVC_linear,,0.0
51,,,5.817608173076923,-5.862079326923077,SVC_rbf,,0.0
52,,0.4282331730769231,-3.5910456730769234,,NuSVC_rbf,,0.0
53,-2.2629206730769234,0.14385817307692308,-2.5808293269230766,,NuSVC_sigmoid,,0.0
331,,,,-5.733463827971876,SVC_linear,,0.0
305,,,,-6.811743865393592,SVC_linear,,0.0
329,,,,-1.595252403846152,SVC_linear,,0.0
172,,,1.3368389423076934,-5.342848557692307,SVC_rbf,,0.0
181,,0.6915024038461536,0.13488518533723376,,NuSVC_rbf,,0.0
180,-3.235169208930034,,-3.181189903846155,5.256310096153846,SVC_poly,4.613386418269231,0.0
179,-3.349621828271909,,1.8188100961538454,0.25631009615384526,SVC_poly,7.001847956730769,0.0
178,,,,0.21243990384615485,SVC_linear,,0.0
177,-3.3422475961538454,,3.8453768862162345,-2.243689903846155,SVC_poly,3.488386418269231,0.0
175,-3.0645910198996016,,4.187772671588524,2.7563100961538454,SVC_poly,5.738386418269231,0.0
174,-3.181189903846155,0.34443509615384604,4.587439903846155,,NuSVC_sigmoid,,0.0
173,5.331605331025496,0.39443509615384614,-7.260440563405014,,NuSVC_sigmoid,,0.0
170,-0.2821514423076932,0.578473557692308,-2.061598557692307,,NuSVC_sigmoid,,0.0
158,-2.803786057692307,,3.724828109092987,-2.7821514423076934,SVC_poly,3.2460787259615387,0.0
169,5.868883899809179,0.528473557692308,-7.276002326446447,,NuSVC_sigmoid,,0.0
167,-3.741286057692307,,-2.7821514423076934,0.655348557692307,SVC_poly,3.3867037259615387,0.0
165,,,,-8.0879124166732,SVC_linear,,0.0
164,-1.241286057692307,,-0.2821514423076932,8.025454893435466,SVC_poly,6.761703725961539,0.0
163,3.7587139423076934,,-5.282151442307693,2.7850388748678756,SVC_poly,6.40476236982128,0.0
162,,0.7574639423076921,-5.360276442307693,,NuSVC_rbf,,0.0
161,,0.6699639423076921,0.13577570966184915,,NuSVC_rbf,,0.0
160,-3.6086008758346226,,1.280348557692307,-0.2821514423076932,SVC_poly,7.244155649038461,0.0
182,,0.7790024038461536,-4.821814903846155,,NuSVC_rbf,,0.0
183,3.220252403846155,,-4.743689903846155,3.323500413329414,SVC_poly,6.168225043338817,0.0
184,-1.7797475961538454,,0.25631009615384526,7.495385717820032,SVC_poly,6.7709593534199435,0.0
185,,,,-7.732110037810772,SVC_linear,,0.0
212,-2.1042668269230784,0.32795397469615045,3.5105168269230784,,NuSVC_sigmoid,,0.0
328,,,,-6.488442667359321,SVC_linear,,0.0
208,,,,-3.1385216346153837,SVC_linear,,0.0
206,-3.295587314529164,,-1.7052283653846168,1.7322716346153837,SVC_poly,3.8713191105769234,0.0
204,,,,-7.4288566138971746,SVC_linear,,0.0
203,-2.3182091346153837,,0.7947716346153837,6.956924179358493,SVC_poly,6.528651661112251,0.0
202,2.6817908653846168,,-4.205228365384617,3.8619619517909523,SVC_poly,6.129341633640797,0.0
201,,0.8005408653846151,-4.283353365384617,,NuSVC_rbf,,0.0
200,,0.7130408653846151,0.6733467237987723,,NuSVC_rbf,,0.0
199,-2.738938199695889,,-2.6427283653846168,5.794771634615384,SVC_poly,4.855694110576923,0.0
198,-3.0092895168488694,,2.3572716346153837,0.7947716346153837,SVC_poly,6.759540264423077,0.0
196,-3.835995505145108,,3.3173630015627418,-1.7052283653846168,SVC_poly,3.7306941105769234,0.0
195,-3.1114783653846168,,-0.14272836538461653,7.83391771524976,SVC_poly,6.787419470023155,0.0
193,-2.6427283653846168,0.3295348091207746,4.048978365384617,,NuSVC_sigmoid,,0.0
192,5.171777230130412,0.3728966346153846,-6.97448627137983,,NuSVC_sigmoid,,0.0
189,0.25631009615384526,0.5569350961538465,-2.6000600961538454,,NuSVC_sigmoid,,0.0
187,-3.834048852990702,,-2.243689903846155,1.1938100961538454,SVC_poly,3.629011418269231,0.0
159,,,,0.7509014423076933,SVC_linear,,0.0
157,-4.188401442307693,,-1.2196514423076934,7.217848557692307,SVC_poly,6.302804085407771,0.0
215,-3.9877170532811563,,2.803448037760593,-1.1667668269230784,SVC_poly,3.9730018028846157,0.0
118,,0.3268870192307693,3.66376201923077,,NuSVC_rbf,,0.0
127,-0.16436298076923028,,-1.35907451923077,7.07842548076923,SVC_poly,6.277088341346154,0.0
126,1.2971754807692304,0.3721995192307694,0.7896016660360691,,NuSVC_poly,8.344005408653846,0.0
125,4.217660542421986,0.5762379807692309,-1.08563701923077,,NuSVC_poly,5.486072716346154,0.0
124,-4.215443579913388,,-4.79657451923077,3.6409254807692304,SVC_poly,3.886463341346154,0.0
123,-3.3060773725914845,,0.20342548076923028,-1.35907451923077,SVC_poly,7.728771033653846,0.0
122,-2.29657451923077,0.7090504807692309,-7.640460530944767,,NuSVC_sigmoid,,0.0
121,,,,-7.705543023513612,SVC_linear,,0.0
120,,,-6.64873798076923,1.04657451923077,SVC_rbf,,0.0
116,,,2.9522235576923084,-3.7274639423076916,SVC_rbf,,0.0
155,5.4401702853250615,0.4159735576923077,-7.779514321559504,,NuSVC_sigmoid,,0.0
114,,0.5428485576923078,-5.725661057692308,,NuSVC_rbf,,0.0
113,,0.8339987924307609,0.524338942307692,,NuSVC_rbf,,0.0
111,,,-3.2977764423076916,0.022536057692308153,SVC_rbf,,0.0
110,,,,5.803786057692308,SVC_linear,,0.0
109,4.660412310171031,0.49308894230769246,3.3037860576923084,,NuSVC_sigmoid,,0.0
108,0.37409855769230815,,-1.8975360576923084,6.539963942307692,SVC_poly,6.034780649038462,0.0
107,0.7587139423076921,0.3506610576923078,1.23772900706272,,NuSVC_poly,8.586313100961538,0.0
106,4.196213942307692,0.5977764423076924,-1.6240985576923084,,NuSVC_poly,5.243765024038462,0.0
128,4.495070511808609,0.4715504807692309,2.76532451923077,,NuSVC_sigmoid,,0.0
129,,,,5.26532451923077,SVC_linear,,0.0
130,,,-3.83623798076923,-0.5159254807692303,SVC_rbf,,0.0
132,,0.8555372539692224,1.0628004807692304,,NuSVC_rbf,,0.0
102,,,,-8.220603916760787,SVC_linear,,0.0
152,-0.8206129807692316,0.6000120192307695,-1.5231370192307687,,NuSVC_sigmoid,,0.0
151,,0.8753539662808614,1.6012620192307687,,NuSVC_rbf,,0.0
149,-3.2028245192307687,,-3.3206129807692317,0.11688701923076861,SVC_poly,3.1443960336538463,0.0
148,,,,4.726862980769232,SVC_linear,,0.0
147,5.033532050270147,0.45001201923076933,2.2268629807692317,,NuSVC_sigmoid,,0.0
146,-0.7028245192307687,,-0.8206129807692316,7.616887019230768,SVC_poly,6.519396033653846,0.0
145,1.8356370192307687,0.39373798076923094,0.3778647958398976,,NuSVC_poly,8.101697716346154,0.0
144,4.11675464643228,0.5649857835952118,-0.5471754807692316,,NuSVC_poly,5.728380408653846,0.0
143,-4.312092285853111,,-4.258112980769232,4.179387019230769,SVC_poly,4.128771033653846,0.0
142,-3.561532328986029,,0.7418870192307687,-0.8206129807692316,SVC_poly,7.486463341346154,0.0
140,,,,-7.642247453634858,SVC_linear,,0.0
139,,,-7.187199519230768,0.5081129807692316,SVC_rbf,,0.0
137,,0.34842548076923086,3.1253004807692317,,NuSVC_rbf,,0.0
136,5.287119813024363,0.43751201923076927,-7.9877564639002845,,NuSVC_sigmoid,,0.0
135,,,2.41376201923077,-4.26592548076923,SVC_rbf,,0.0
133,-1.35907451923077,0.621550480769231,-0.9846754807692304,,NuSVC_sigmoid,,0.0
214,-2.668847076360117,,0.3957331730769219,7.295456176788222,SVC_poly,6.985185146211517,0.0
211,,,,-8.281296008523082,SVC_linear,,0.0
216,,,,-0.864483173076922,SVC_linear,,0.0
289,,,,-7.565365744282397,SVC_linear,,0.0
94,,0.8143189565343654,-0.014122596153846478,,NuSVC_rbf,,0.0
302,-3.052278782559816,,0.9870793269230753,4.424579326923076,SVC_poly,5.082857572115385,0.0
95,,0.5213100961538463,-6.264122596153847,,NuSVC_rbf,,0.0
298,-0.010516826923075095,,-1.5129206730769251,6.554269644098644,SVC_poly,6.565099794644701,0.0
297,4.492311656587283,0.3999195981382116,-7.080829326923076,,NuSVC_sigmoid,,0.0
296,4.148092174946375,0.38258007332613075,-8.185736172026182,,NuSVC_sigmoid,,0.0
295,-3.2687082492437023,,0.049579326923075095,8.454242721540224,SVC_poly,6.067232572115385,0.0
291,,,,-4.441406249999999,SVC_linear,,0.0
288,,,,-6.8930901857569875,SVC_linear,,0.0
269,,,,-8.103827282743936,SVC_linear,,0.0
97,1.3140024038461537,,6.353064903846153,3.5015024038461533,SVC_sigmoid,,0.0
285,,,,-4.957752042175323,SVC_linear,,0.0
284,,,,-2.9654447115384603,SVC_linear,,0.0
282,-3.1673382808346853,,0.4486177884615369,3.886117788461537,SVC_poly,4.840549879807693,0.0
278,0.5279447115384633,,-2.0513822115384635,6.015808105637106,SVC_poly,6.8074074869523935,0.0
277,5.0307731950488215,0.40875091553159704,-6.542367788461537,,NuSVC_sigmoid,,0.0
276,4.686553713407913,0.3610416117876692,-7.647274633564644,,NuSVC_sigmoid,,0.0
272,-2.9014055476016107,,4.020775499543834,0.4486177884615369,SVC_poly,4.699924879807693,0.0
105,-3.6884014423076916,,-5.335036057692308,3.102463942307692,SVC_poly,3.6441556490384617,0.0
92,,,-2.7593149038461533,0.5609975961538466,SVC_rbf,,0.0
308,,,,-7.026904205820859,SVC_linear,,0.0
309,,,,-1.0567908653846136,SVC_linear,,0.0
327,-2.076668907586079,,2.376502403846152,6.920144998173645,SVC_poly,5.693614606190875,0.0
87,3.6577524038461533,0.619314903846154,-2.1625600961538467,,NuSVC_poly,5.001457331730769,0.0
325,,,,-6.273282326932054,SVC_linear,,0.0
88,0.22025240384615363,0.32912259615384626,1.7761905455242584,,NuSVC_poly,8.82862079326923,0.0
323,,,,-4.042367788461537,SVC_linear,,0.0
322,,,,-6.921901478899784,SVC_linear,,0.0
89,0.9125600961538466,,-2.4359975961538467,6.001502403846153,SVC_poly,5.792472956730769,0.0
90,5.198873848632569,0.514627403846154,3.8422475961538467,,NuSVC_sigmoid,,0.0
91,,,,6.342247596153847,SVC_linear,,0.0
318,,,,-5.716832260366775,SVC_linear,,0.0
317,-0.5489783653846135,,-0.9744591346153867,6.015808105637106,SVC_poly,6.322792102337009,0.0
316,3.953850118125745,0.42145805967667316,-6.542367788461537,,NuSVC_sigmoid,,0.0
315,3.6096306364848365,0.4041185348645923,-7.647274633564644,,NuSVC_sigmoid,,0.0
314,-2.730246710782164,,0.5880408653846135,7.9157811830786855,SVC_poly,5.824924879807693,0.0
313,,,,-6.873844383748139,SVC_linear,,0.0
311,,,,-6.271925366433415,SVC_linear,,0.0
310,,,,-4.979867788461537,SVC_linear,,0.0
271,-3.7034427356731836,,2.011117788461537,7.0488902509002145,SVC_poly,6.25826206928844,0.0
275,-3.449454876237528,,-0.48888221153846334,7.948617788461537,SVC_poly,5.824924879807693,0.0
268,,,,-6.755312815231081,SVC_linear,,0.0
228,-2.764526203938566,,3.311574723665992,7.10357193509241,SVC_poly,6.522361632937357,0.0
100,-3.8486260871589,,2.164963942307692,0.602463942307692,SVC_poly,4.769155649038462,0.0
238,,0.7561177884615381,1.7033708366809885,,NuSVC_rbf,,0.0
237,-2.6439380654158864,,-1.56580528846154,6.871694711538461,SVC_poly,5.340309495192308,0.0
235,,,,-1.4029447115384603,SVC_linear,,0.0
101,,,-6.110276442307692,1.5850360576923084,SVC_rbf,,0.0
231,-1.56580528846154,0.3338294565084674,2.97205528846154,,NuSVC_sigmoid,,0.0
230,,,,-7.742834470061544,SVC_linear,,0.0
229,-2.5283930778243024,,3.2370793269230784,-1.4792668269230784,SVC_poly,6.763456003982403,0.0
227,,,,-3.676983173076922,SVC_linear,,0.0
243,-2.9404649714090527,,-0.62830528846154,2.8091947115384603,SVC_poly,4.355934495192308,0.0
226,-0.3566706730769219,,3.833233173076922,7.270733173076922,SVC_poly,6.512513783993936,0.0
225,-2.7571257760676255,,-1.1667668269230784,2.270733173076922,SVC_poly,4.113626802884616,0.0
224,-3.5105168269230784,,3.2797664548986134,6.703819627436924,SVC_poly,6.906182026226323,0.0
223,,,,-7.6944510436602,SVC_linear,,0.0
222,-2.856670673076922,,1.333233173076922,6.559844041659074,SVC_poly,6.320679769596251,0.0
221,2.1433293269230784,,-3.6667668269230784,4.400423490252491,SVC_poly,6.371649325948489,0.0
220,,0.8220793269230766,-3.7448918269230784,,NuSVC_rbf,,0.0
219,,0.7345793269230766,1.2118082622603108,,NuSVC_rbf,,0.0
265,,,,-4.753906249999999,SVC_linear,,0.0
241,,,,-8.136998589715741,SVC_linear,,0.0
0,5.25390625,0.85546875,6.93359375,,NuSVC_poly,9.0947265625,0.0
262,-3.1387290080742556,,-0.08984375000000155,3.3476562499999987,SVC_poly,4.5982421875,0.0
256,-3.1823996038774247,,-1.0273437500000018,7.410156249999999,SVC_poly,5.5826171875,0.0
259,1.0664062500000018,,-2.5898437500000018,5.477346567175568,SVC_poly,6.759500271399578,0.0
98,,0.6553485576923076,0.5569414001471296,,NuSVC_rbf,,0.0
245,4.677192384541364,0.4423197115384618,-8.158278478066098,,NuSVC_sigmoid,,0.0
99,,0.30534855769230773,4.202223557692308,,NuSVC_rbf,,0.0
1,-0.99609375,0.8054687500000001,8.18359375,,NuSVC_poly,7.4072265625,0.0
257,5.2250152518694515,0.33950315024920763,-7.108813095103105,,NuSVC_sigmoid,,0.0
258,5.56923473351036,0.3872124539931355,-6.003906249999999,,NuSVC_sigmoid,,0.0
264,,,,-3.5039062499999987,SVC_linear,,0.0
250,,,,-8.642288821205474,SVC_linear,,0.0
249,,,,-7.293774353692619,SVC_linear,,0.0
246,,,,-4.215444711538461,SVC_linear,,0.0
154,,,1.8753004807692317,-4.804387019230768,SVC_rbf,,-1.7976931348623157e+308
218,-2.6699541173852173,,-2.1042668269230784,6.3332331730769225,SVC_poly,5.098001802884616,-1.7976931348623157e+308
59,0.23707932692307687,,5.276141826923077,2.4245793269230766,SVC_sigmoid,,-1.7976931348623157e+308
103,-2.8350360576923084,0.7305889423076924,-7.15435054809369,,NuSVC_sigmoid,,-1.7976931348623157e+308
117,,0.6768870192307691,0.8032657123059752,,NuSVC_rbf,,-1.7976931348623157e+308
84,-3.3734975961538467,0.752127403846154,-6.928781868329061,,NuSVC_sigmoid,,-1.7976931348623157e+308
251,-3.2157578041459667,,3.323785151137571,4.910156249999999,SVC_poly,6.7076171875,-1.7976931348623157e+308
141,-1.7581129807692317,0.6875120192307694,-7.676411405260914,,NuSVC_sigmoid,,-1.7976931348623157e+308
176,-3.649939903846155,,-0.681189903846155,7.756310096153845,SVC_poly,6.545111777715463,-1.7976931348623157e+308
239,,0.8436177884615381,-3.20643028846154,,NuSVC_rbf,,-1.7976931348623157e+308
197,,,,-0.3260216346153836,SVC_linear,,-1.7976931348623157e+308
