,kernel,n,logGamma,degree,coef0,C,value
485,SVC_linear,,,,,5.795344674779495,0.5737660086423148
479,SVC_linear,,,,,5.5478480903534475,0.5591982093265944
482,SVC_linear,,,,,4.408752774428231,0.5311537174855764
486,SVC_linear,,,,,5.9345787798001375,0.5238615875975493
477,SVC_linear,,,,,4.750581756743383,0.500609352333868
483,SVC_linear,,,,,5.184524793461946,0.489410977731786
496,SVC_linear,,,,,5.546887525773286,0.48660477994019224
495,SVC_linear,,,,,4.366051838038814,0.4844940246719263
480,SVC_linear,,,,,4.883801208407621,0.4412647899249018
481,SVC_linear,,,,,4.314164554857093,0.43875682308650904
18,SVC_linear,,,,,5.390625,0.4365970569874033
34,SVC_sigmoid,,5.225420014379334,,-2.8209134615384617,6.883413461538462,0.3762174117692164
38,SVC_linear,,,,,5.4150535202794625,0.36876235272114594
467,SVC_linear,,,,,5.9909647670262665,0.27948866435651387
466,SVC_linear,,,,,6.333806213241034,0.2739469605113166
442,SVC_linear,,,,,6.195895995899723,0.27199733063642484
462,SVC_linear,,,,,5.188701923076921,0.22668008208228946
468,SVC_linear,,,,,5.789583630885372,0.2244104837486896
448,SVC_linear,,,,,6.412309175558473,0.22400836877237335
461,SVC_linear,,,,,6.04781604791274,0.20534299653368934
444,SVC_linear,,,,,5.365262685885273,0.16940054535543533
446,SVC_linear,,,,,6.261447870385022,0.1671882738059116
464,SVC_linear,,,,,5.722986331923484,0.1667430882706999
490,SVC_linear,,,,,6.403378504397205,0.12513269163091684
489,SVC_linear,,,,,5.09699624079155,0.11249849109211589
449,SVC_linear,,,,,5.627163605946328,0.10979033629509165
488,SVC_linear,,,,,5.102163461538459,0.10462255790678428
463,SVC_linear,,,,,4.880370084260461,0.10430598856344206
492,SVC_linear,,,,,5.247967086917848,0.10360726619561263
487,SVC_linear,,,,,5.2511220924238335,0.10325518423319477
465,SVC_linear,,,,,4.814551514888961,0.10148342776313135
494,SVC_linear,,,,,4.975639329439365,0.06162243789359505
447,SVC_linear,,,,,5.120026017338998,0.05930862784037155
445,SVC_linear,,,,,5.238448196687848,0.05890277441449847
459,SVC_linear,,,,,5.135111675447952,0.05615670647686588
458,SVC_linear,,,,,5.007241548108019,0.05607988869192082
493,SVC_linear,,,,,3.8521634615384586,0.05588526564697799
491,SVC_linear,,,,,4.5602574786291505,0.05497608481849733
443,SVC_linear,,,,,4.650240384615382,0.04915144362774965
440,SVC_linear,,,,,5.576135942119581,0.049005508759072045
307,SVC_linear,,,,,-1.5324519230769251,0.0
300,SVC_linear,,,,,4.945690447659766,0.0
317,SVC_linear,,,,,4.027397065192482,0.0
319,SVC_linear,,,,,4.682067931330909,0.0
320,SVC_linear,,,,,5.256009615384614,0.0
321,SVC_linear,,,,,0.25600961538461353,0.0
322,SVC_linear,,,,,5.42966522122717,0.0
298,SVC_linear,,,,,4.540581109605573,0.0
314,SVC_linear,,,,,5.379068309230843,0.0
316,SVC_linear,,,,,5.285158864069144,0.0
324,SVC_linear,,,,,5.733760316117451,0.0
313,SVC_linear,,,,,0.8810096153846136,0.0
312,SVC_linear,,,,,5.881009615384614,0.0
311,SVC_linear,,,,,5.281206378375166,0.0
310,NuSVC_sigmoid,0.6449519230769231,-0.2824519230769249,,-5.811298076923076,,0.0
309,SVC_linear,,,,,5.625021313345985,0.0
308,SVC_linear,,,,,4.738296582487834,0.0
301,SVC_linear,,,,,4.717548076923076,0.0
302,SVC_linear,,,,,-0.2824519230769249,0.0
303,SVC_linear,,,,,5.236859373631982,0.0
304,SVC_linear,,,,,4.849660300664636,0.0
305,SVC_linear,,,,,0.9675480769230753,0.0
306,SVC_linear,,,,,5.962792281308431,0.0
323,SVC_linear,,,,,4.9970520503888745,0.0
335,SVC_linear,,,,,4.5658586036540205,0.0
325,SVC_linear,,,,,-0.9939903846153867,0.0
326,SVC_linear,,,,,5.276758120949372,0.0
347,SVC_linear,,,,,5.144515712944682,0.0
346,SVC_linear,,,,,5.815219659410911,0.0
345,SVC_linear,,,,,-0.45552884615384825,0.0
344,SVC_linear,,,,,5.492334596013445,0.0
343,SVC_linear,,,,,5.195298777655912,0.0
342,SVC_linear,,,,,2.044471153846152,0.0
341,SVC_linear,,,,,5.535513588850413,0.0
340,SVC_linear,,,,,5.616628306713933,0.0
339,SVC_linear,,,,,0.794471153846152,0.0
338,SVC_linear,,,,,5.794471153846152,0.0
337,SVC_linear,,,,,5.220529469792448,0.0
336,SVC_linear,,,,,3.294471153846152,0.0
296,SVC_linear,,,,,5.764712104069911,0.0
334,SVC_linear,,,,,5.823620402530683,0.0
333,SVC_linear,,,,,5.022600129924792,0.0
332,SVC_linear,,,,,4.8474495527404375,0.0
331,SVC_linear,,,,,1.419471153846152,0.0
330,SVC_linear,,,,,5.674945825629163,0.0
329,SVC_linear,,,,,5.819667916836704,0.0
328,NuSVC_sigmoid,0.6664903846153846,0.25600961538461353,,-6.349759615384614,,0.0
327,SVC_linear,,,,,5.361829925342864,0.0
297,SVC_linear,,,,,4.746697325607606,0.0
275,SVC_linear,,,,,-0.19591346153846323,0.0
295,NuSVC_sigmoid,0.5699519230769232,1.7619006181384869,,-7.319068985744854,,0.0
256,SVC_linear,,,,,4.265624999999999,0.0
267,NuSVC_sigmoid,0.7018749999999998,1.1406249999999987,,2.7656250000000018,,0.0
266,SVC_linear,,,,,5.883945215171299,0.0
265,SVC_linear,,,,,4.966245008421548,0.0
264,SVC_linear,,,,,-1.3593750000000018,0.0
263,SVC_poly,,3.29688555896894,3.913126037624922,1.7656249999999987,6.348435881488251,0.0
261,SVC_linear,,,,,1.1406249999999987,0.0
260,SVC_linear,,,,,4.886666084810456,0.0
259,NuSVC_sigmoid,0.651875,1.429976569709046,,-7.4569615206188145,,0.0
258,NuSVC_sigmoid,0.5268750000000002,0.6849775412154099,,-6.745361891173559,,0.0
257,SVC_linear,,,,,-0.7343750000000017,0.0
255,SVC_linear,,,,,4.335841315624869,0.0
294,SVC_linear,,,,,0.3425480769230752,0.0
253,SVC_linear,,,,,5.359293160134405,0.0
252,SVC_linear,,,,,5.886784685830395,0.0
251,SVC_linear,,,,,-3.14783653846154,0.0
250,SVC_linear,,,,,5.868589161891668,0.0
249,SVC_linear,,,,,4.352163461538461,0.0
1,SVC_rbf,,5.078125,,,9.609375,0.0
247,NuSVC_sigmoid,0.711734798126974,1.252230557917284,,-6.695913461538461,,0.0
246,SVC_linear,,,,,4.883730504748109,0.0
245,SVC_linear,,,,,-1.89783653846154,0.0
244,SVC_poly,,2.7896634615384603,4.033713942307692,1.2271634615384603,5.809974343026712,0.0
268,SVC_linear,,,,,4.890624999999999,0.0
269,SVC_linear,,,,,-2.6093750000000018,0.0
270,SVC_linear,,,,,5.348323147368856,0.0
271,SVC_linear,,,,,5.464326573039085,0.0
293,SVC_linear,,,,,5.342548076923076,0.0
292,SVC_linear,,,,,4.742744839913628,0.0
291,NuSVC_sigmoid,0.6234134615384616,-0.8209134615384633,,-5.272836538461537,,0.0
290,SVC_linear,,,,,5.560163251688393,0.0
289,SVC_linear,,,,,4.836107563330868,0.0
288,SVC_linear,,,,,-2.0709134615384635,0.0
287,SVC_linear,,,,,5.429086538461537,0.0
286,SVC_linear,,,,,0.4290865384615369,0.0
285,SVC_linear,,,,,5.345483676709761,0.0
284,SVC_linear,,,,,5.0671119550096,0.0
283,SVC_linear,,,,,-0.8209134615384633,0.0
282,SVC_linear,,,,,4.179086538461537,0.0
281,SVC_linear,,,,,5.259593357808362,0.0
279,SVC_linear,,,,,5.058644273773443,0.0
278,SVC_linear,,,,,4.608646667212561,0.0
277,NuSVC_sigmoid,0.6734134615384615,1.0990186458716136,,-7.995423059080353,,0.0
276,NuSVC_sigmoid,0.5484134615384617,1.2234390796769483,,-6.780607447283316,,0.0
349,SVC_linear,,,,,5.558546527612684,0.0
274,SVC_linear,,,,,4.804086538461537,0.0
273,NuSVC_sigmoid,0.7058522478683852,2.1791755709492007,,-5.897836538461537,,0.0
272,NuSVC_sigmoid,0.601875,-1.3593750000000018,,-4.734374999999999,,0.0
348,SVC_linear,,,,,4.544471153846152,0.0
371,SVC_linear,,,,,5.2619928651978665,0.0
350,SVC_linear,,,,,5.38788496066142,0.0
419,SVC_linear,,,,,5.242407531661802,0.0
431,SVC_linear,,,,,5.08870206748479,0.0
430,SVC_linear,,,,,5.9750631835375,0.0
429,SVC_linear,,,,,5.491323574320138,0.0
428,SVC_linear,,,,,5.7769097351493865,0.0
426,SVC_linear,,,,,4.111778846153844,0.0
425,SVC_linear,,,,,5.238755301102945,0.0
424,SVC_linear,,,,,5.7487114496123235,0.0
422,SVC_linear,,,,,5.680853715697722,0.0
421,SVC_linear,,,,,4.936078930953438,0.0
420,SVC_linear,,,,,1.6983173076923053,0.0
418,SVC_linear,,,,,5.712707106708008,0.0
406,SVC_linear,,,,,3.5733173076923053,0.0
417,SVC_linear,,,,,4.198317307692306,0.0
416,SVC_linear,,,,,5.051270550167528,0.0
415,SVC_linear,,,,,5.456915437471595,0.0
414,SVC_linear,,,,,2.9483173076923053,0.0
413,SVC_linear,,,,,4.462801869135461,0.0
412,SVC_linear,,,,,4.890109086163167,0.0
411,SVC_linear,,,,,5.448317307692306,0.0
410,SVC_linear,,,,,5.860948124886827,0.0
409,SVC_linear,,,,,5.2431266721315986,0.0
408,SVC_linear,,,,,6.315371273610925,0.0
432,SVC_linear,,,,,5.0012634075969995,0.0
433,SVC_linear,,,,,3.4867788461538436,0.0
434,SVC_linear,,,,,5.246595065893449,0.0
435,SVC_linear,,,,,4.797728148234806,0.0
484,SVC_linear,,,,,4.497674088255629,0.0
476,SVC_linear,,,,,5.514100867900903,0.0
475,SVC_linear,,,,,3.3137019230769202,0.0
474,SVC_linear,,,,,5.547109088017494,0.0
473,SVC_linear,,,,,4.998763424070422,0.0
472,SVC_linear,,,,,5.813701923076921,0.0
471,SVC_linear,,,,,5.874651225157883,0.0
470,SVC_linear,,,,,5.484276843261027,0.0
469,SVC_linear,,,,,4.563701923076921,0.0
457,SVC_linear,,,,,2.775240384615382,0.0
456,SVC_linear,,,,,5.525605731593898,0.0
455,SVC_linear,,,,,5.087857867071712,0.0
454,SVC_linear,,,,,5.275240384615382,0.0
453,SVC_linear,,,,,5.336189686696344,0.0
452,SVC_linear,,,,,5.304153055502516,0.0
451,SVC_linear,,,,,4.025240384615382,0.0
450,SVC_linear,,,,,5.539724946058538,0.0
439,SVC_linear,,,,,4.834402852832019,0.0
438,SVC_linear,,,,,2.2367788461538436,0.0
437,SVC_linear,,,,,5.40068652858971,0.0
436,SVC_linear,,,,,4.736778846153844,0.0
407,SVC_linear,,,,,6.21941084766192,0.0
405,SVC_linear,,,,,4.700293762641406,0.0
352,SVC_linear,,,,,4.799797136017583,0.0
365,SVC_linear,,,,,5.198628300047918,0.0
376,SVC_linear,,,,,5.53032400143649,0.0
375,SVC_linear,,,,,5.873900226532096,0.0
374,SVC_linear,,,,,4.371394230769229,0.0
373,SVC_linear,,,,,5.642781680577097,0.0
242,SVC_linear,,,,,0.6021634615384602,0.0
370,SVC_linear,,,,,5.338258674479121,0.0
369,SVC_linear,,,,,2.4963942307692286,0.0
368,SVC_linear,,,,,5.104355994994049,0.0
367,SVC_linear,,,,,5.020084989151146,0.0
366,SVC_linear,,,,,5.082932692307691,0.0
364,SVC_linear,,,,,5.98524879726446,0.0
404,SVC_linear,,,,,5.210249911150785,0.0
363,SVC_linear,,,,,5.627295156352618,0.0
362,SVC_linear,,,,,4.698901669689397,0.0
361,SVC_linear,,,,,2.5829326923076903,0.0
360,SVC_linear,,,,,6.009649536327294,0.0
359,SVC_linear,,,,,1.3329326923076903,0.0
358,SVC_linear,,,,,6.068785539898029,0.0
357,SVC_linear,,,,,5.758991008253986,0.0
356,SVC_linear,,,,,3.8329326923076903,0.0
355,SVC_linear,,,,,5.104320142115559,0.0
354,SVC_linear,,,,,5.673630212399566,0.0
377,SVC_linear,,,,,1.8713942307692286,0.0
378,SVC_linear,,,,,6.128193627090605,0.0
379,SVC_linear,,,,,3.1213942307692286,0.0
380,SVC_linear,,,,,5.237363208150935,0.0
403,SVC_linear,,,,,5.74311688238165,0.0
402,SVC_linear,,,,,5.266841111549159,0.0
401,SVC_linear,,,,,1.159855769230767,0.0
400,SVC_linear,,,,,5.158874250078572,0.0
399,SVC_linear,,,,,5.775824746612473,0.0
398,SVC_linear,,,,,3.659855769230767,0.0
397,SVC_linear,,,,,5.5897320886290665,0.0
396,SVC_linear,,,,,2.409855769230767,0.0
395,SVC_linear,,,,,4.991862462974952,0.0
393,SVC_linear,,,,,4.909855769230767,0.0
392,SVC_linear,,,,,5.775307293757634,0.0
391,SVC_linear,,,,,4.806357487049044,0.0
390,SVC_linear,,,,,5.800454403659405,0.0
389,SVC_linear,,,,,5.8767202129406595,0.0
388,SVC_linear,,,,,3.034855769230767,0.0
387,SVC_linear,,,,,4.84676561459385,0.0
385,SVC_linear,,,,,5.621394230769229,0.0
384,SVC_linear,,,,,5.499650640504106,0.0
383,SVC_linear,,,,,5.7583587359866275,0.0
382,SVC_linear,,,,,0.6213942307692286,0.0
381,SVC_linear,,,,,5.4430016295544625,0.0
243,SVC_linear,,,,,6.03744135151419,0.0
0,NuSVC_rbf,0.596875,-7.421875,,,,0.0
241,SVC_linear,,,,,6.13556735069652,0.0
64,NuSVC_poly,0.7760096153846155,-7.681490384615385,4.785516826923077,-3.881009615384615,,0.0
93,SVC_rbf,,6.049278846153847,,,-7.611778846153847,0.0
92,SVC_linear,,,,,-4.955528846153847,0.0
91,NuSVC_rbf,0.735721153846154,-1.4507211538461537,,,,0.0
90,NuSVC_rbf,0.3857211538461538,7.299278846153847,,,,0.0
89,SVC_poly,,-6.518028846153847,3.883674113017902,1.9194711538461537,-0.4242788461538465,0.0
88,SVC_sigmoid,,-0.35697115384615363,,4.317522078121677,6.518028846153847,0.0
87,SVC_linear,,,,,4.854844568024612,0.0
86,NuSVC_sigmoid,0.658028846153846,5.736778846153847,,-1.1382211538461537,,0.0
85,SVC_rbf,,7.299278846153847,,,-3.8617788461538467,0.0
84,SVC_linear,,,,,6.986778846153847,0.0
83,NuSVC_poly,0.529471153846154,0.9819711538461537,5.871574519230769,-7.766780642503479,,0.0
82,SVC_linear,,,,,-5.580528846153847,0.0
81,SVC_poly,,0.35697115384615363,4.040551156506252,5.044471153846153,6.565460406831865,0.0
80,NuSVC_sigmoid,0.760721153846154,-3.0805288461538467,,-0.5132211538461536,,0.0
78,SVC_linear,,,,,5.41940637983031,0.0
77,SVC_poly,,5.962740384615385,5.651983173076923,2.631009615384615,-7.212740384615385,0.0
76,NuSVC_sigmoid,0.5864903846153845,-1.743990384615385,,-4.349759615384615,,0.0
75,SVC_linear,,,,,6.883648693678072,0.0
74,SVC_rbf,,6.587740384615385,,,-8.150240384615385,0.0
73,SVC_linear,,,,,-5.493990384615385,0.0
72,NuSVC_rbf,0.7572596153846155,-0.9122596153846153,,,,0.0
71,NuSVC_rbf,0.40725961538461536,7.837740384615385,,,,0.0
70,SVC_poly,,-7.056490384615385,3.964483173076923,1.3810096153846154,-0.9627403846153849,0.0
69,SVC_sigmoid,,0.1814903846153848,,4.506009615384615,7.056490384615385,0.0
68,SVC_linear,,,,,5.025240384615385,0.0
67,NuSVC_sigmoid,0.6364903846153845,6.275240384615385,,-0.5997596153846153,,0.0
66,SVC_rbf,,7.837740384615385,,,-4.400240384615385,0.0
94,SVC_linear,,,,,6.345187155216534,0.0
95,NuSVC_sigmoid,0.608028846153846,-1.2055288461538467,,-4.888221153846153,,0.0
96,SVC_poly,,5.424278846153847,5.409675480769231,3.1694711538461533,-6.674278846153847,0.0
112,SVC_rbf,,5.510817307692308,,,-7.073317307692308,0.0
125,SVC_linear,,,,,-2.62860576923077,0.0
124,SVC_poly,,-2.94110576923077,6.612560096153846,-4.50360576923077,3.1526442307692304,0.0
240,SVC_linear,,,,,5.223303443039885,0.0
121,NuSVC_poly,0.4863942307692309,2.0588942307692304,5.929769435977442,-6.689857565580402,,0.0
120,SVC_linear,,,,,-4.50360576923077,0.0
119,SVC_poly,,1.4338942307692304,4.017741189585213,6.12139423076923,7.00305176896343,0.0
118,NuSVC_sigmoid,0.717644230769231,-2.00360576923077,,-1.5901442307692304,,0.0
117,NuSVC_poly,0.7829326923076925,-2.8545673076923084,2.4576322115384617,3.7920673076923084,,0.0
116,SVC_linear,,,,,5.3139335680591895,0.0
115,SVC_poly,,4.885817307692308,5.167367788461538,3.7079326923076916,-6.135817307692308,0.0
114,NuSVC_sigmoid,0.6295673076923075,-0.6670673076923083,,-5.426682692307692,,0.0
113,SVC_linear,,,,,5.806725616754996,0.0
111,SVC_linear,,,,,-4.417067307692308,0.0
97,SVC_linear,,,,,5.360182407050213,0.0
110,NuSVC_rbf,0.7141826923076925,-1.989182692307692,,,,0.0
109,NuSVC_rbf,0.36418269230769224,6.760817307692308,,,,0.0
108,SVC_linear,,,,,-5.667067307692308,0.0
107,SVC_rbf,,-0.35456730769230815,,,3.7920673076923084,0.0
106,SVC_linear,,,,,5.3933061064861505,0.0
105,NuSVC_sigmoid,0.6795673076923076,5.198317307692308,,-1.676682692307692,,0.0
104,SVC_poly,,-3.4795673076923084,6.854867788461538,-5.042067307692308,2.614182692307692,0.0
103,SVC_linear,,,,,6.448317307692308,0.0
102,NuSVC_poly,0.7329326923076925,-6.604567307692308,5.270132211538462,-3.5701799783801174,,0.0
101,NuSVC_poly,0.5079326923076924,1.520432692307692,5.956299076887762,-7.22831910404194,,0.0
100,SVC_linear,,,,,-5.042067307692308,0.0
99,NuSVC_sigmoid,0.7391826923076925,-2.5420673076923084,,-1.051682692307692,,0.0
65,SVC_linear,,,,,7.525240384615385,0.0
63,NuSVC_poly,0.5510096153846155,0.4435096153846153,5.629266826923077,-8.305242180965017,,0.0
127,SVC_rbf,,0.18389423076923028,,,3.25360576923077,0.0
62,SVC_linear,,,,,-6.118990384615385,0.0
29,SVC_sigmoid,,1.2584134615384617,,3.4290865384615383,8.133413461538462,0.0
28,SVC_linear,,,,,6.102163461538462,0.0
27,NuSVC_sigmoid,0.5934134615384615,7.352163461538462,,0.47716346153846156,,0.0
26,SVC_rbf,,8.914663461538462,,,-5.477163461538462,0.0
25,SVC_linear,,,,,8.602163461538462,0.0
24,NuSVC_poly,0.8190865384615386,-8.758413461538462,4.300901442307692,-2.8040865384615383,,0.0
23,NuSVC_linear,0.7300997596153846,,,,,0.0
22,SVC_linear,,,,,-7.195913461538462,0.0
21,SVC_rbf,,4.539663461538462,,,9.070913461538462,0.0
20,NuSVC_rbf,0.5753365384615385,-6.883413461538462,,,,0.0
19,NuSVC_linear,0.725859375,,,,,0.0
17,SVC_rbf,,-4.296875,,,7.734375,0.0
16,NuSVC_rbf,0.321875,3.203125,,,,0.0
15,NuSVC_sigmoid,0.22187500000000002,9.140625,,4.765625,,0.0
14,SVC_sigmoid,,5.546875,,-3.359375,7.421875,0.0
13,SVC_poly,,5.078125,3.00390625,8.515625,-6.328125,0.0
12,NuSVC_poly,0.790625,1.953125,9.12109375,-6.015625,,0.0
11,NuSVC_poly,0.740625,3.203125,7.43359375,0.234375,,0.0
10,SVC_poly,,-8.671875,4.69140625,-0.234375,-2.578125,0.0
9,SVC_sigmoid,,1.796875,,2.890625,8.671875,0.0
8,NuSVC_sigmoid,0.271875,-4.609375,,-1.484375,,0.0
7,NuSVC_rbf,0.771875,6.953125,,,,0.0
6,SVC_rbf,,9.453125,,,-6.015625,0.0
5,SVC_linear,,,,,9.140625,0.0
4,NuSVC_linear,0.297109375,,,,,0.0
3,NuSVC_linear,0.756484375,,,,,0.0
2,SVC_linear,,,,,-7.734375,0.0
30,SVC_poly,,-8.133413461538462,4.449098557692308,0.30408653846153844,-2.0396634615384617,0.0
31,NuSVC_rbf,0.4503365384615385,8.914663461538462,,,,0.0
32,NuSVC_poly,0.7690865384615385,2.38683602340232,8.878786057692308,-5.477163461538462,,0.0
49,SVC_sigmoid,,0.7199519230769232,,3.9675480769230766,7.594951923076923,0.0
61,SVC_rbf,,3.462740384615385,,,7.993990384615385,0.0
60,NuSVC_sigmoid,0.7822596153846155,-3.618990384615385,,0.025240384615384803,,0.0
59,NuSVC_linear,0.6730901442307693,,,,,0.0
58,SVC_linear,,,,,5.424466108631422,0.0
57,SVC_poly,,6.501201923076923,5.894290865384615,2.0925480769230766,-7.751201923076923,0.0
56,NuSVC_rbf,0.2787980769230769,2.1262019230769234,,,,0.0
55,NuSVC_sigmoid,0.2649519230769231,8.063701923076923,,3.6887019230769234,,0.0
54,SVC_rbf,,7.126201923076923,,,-8.688701923076923,0.0
53,SVC_linear,,,,,-6.032451923076923,0.0
52,NuSVC_poly,0.747548076923077,2.925297561863858,8.636478365384615,-4.938701923076923,,0.0
51,NuSVC_rbf,0.4287980769230769,8.376201923076923,,,,0.0
50,SVC_poly,,-7.594951923076923,4.206790865384615,0.8425480769230769,-1.5012019230769234,0.0
48,SVC_linear,,,,,5.563701923076923,0.0
33,SVC_poly,,4.539663461538462,3.2462139423076923,7.977163461538462,-5.789663461538462,0.0
47,NuSVC_sigmoid,0.614951923076923,6.813701923076923,,-0.06129807692307687,,0.0
46,SVC_rbf,,8.376201923076923,,,-4.938701923076923,0.0
45,SVC_linear,,,,,8.063701923076923,0.0
44,NuSVC_poly,0.797548076923077,-8.219951923076923,4.543209134615385,-3.3425480769230766,,0.0
43,NuSVC_poly,0.572548076923077,-0.09495192307692313,5.386959134615385,-8.843703719426555,,0.0
42,SVC_linear,,,,,-6.657451923076923,0.0
41,SVC_rbf,,4.001201923076923,,,8.532451923076923,0.0
40,NuSVC_sigmoid,0.803798076923077,-4.157451923076923,,0.5637019230769232,,0.0
39,NuSVC_linear,0.6994747596153846,,,,,0.0
37,SVC_rbf,,-3.7584134615384617,,,7.195913461538462,0.0
36,NuSVC_rbf,0.30033653846153846,2.6646634615384617,,,,0.0
35,NuSVC_sigmoid,0.24341346153846155,8.602163461538462,,4.227163461538462,,0.0
126,SVC_linear,,,,,5.931746145289327,0.0
122,NuSVC_rbf,0.14152344451250778,-1.2776442307692304,,,,0.0
128,SVC_linear,,,,,-5.12860576923077,0.0
209,SVC_linear,,,,,-1.7247596153846168,0.0
207,SVC_linear,,,,,5.824774905962807,0.0
206,SVC_linear,,,,,-2.9747596153846168,0.0
205,SVC_poly,,1.7127403846153837,4.518329326923077,0.15024038461538358,6.089707337202696,0.0
204,SVC_linear,,,,,5.446843157656125,0.0
203,SVC_linear,,,,,-0.47475961538461664,0.0
202,SVC_linear,,,,,5.310785840738364,0.0
201,SVC_linear,,,,,5.920542623887415,0.0
200,NuSVC_sigmoid,0.5872596153846155,2.4970530098948553,,-7.965539364711388,,0.0
199,NuSVC_rbf,0.18149038461538447,-0.9790492549201315,,,,0.0
198,SVC_linear,,,,,-2.3497596153846168,0.0
197,SVC_linear,,,,,2.6502403846153837,0.0
196,SVC_linear,,,,,5.785072536683869,0.0
195,NuSVC_rbf,0.328028846153846,3.356971153846155,,,,0.0
194,SVC_linear,,,,,5.396815493437328,0.0
193,SVC_linear,,,,,5.236778846153846,0.0
192,SVC_linear,,,,,-4.763221153846155,0.0
191,SVC_linear,,,,,4.424927238301022,0.0
190,SVC_poly,,2.216227088995637,7.573137019230769,6.285113281058714,6.343617391964541,0.0
189,SVC_linear,,,,,-2.263221153846155,0.0
188,NuSVC_sigmoid,0.735520230536641,1.910182221972271,,-5.080528846153846,,0.0
187,NuSVC_sigmoid,0.6877542175478395,-4.763221153846155,,-1.0947242090460736,,0.0
186,SVC_linear,,,,,-3.513221153846155,0.0
185,SVC_poly,,1.1742788461538454,4.760637019230769,-0.38822115384615485,6.521401358659526,0.0
184,SVC_linear,,,,,5.072073227777752,0.0
183,SVC_linear,,,,,-1.013221153846155,0.0
129,NuSVC_sigmoid,0.742644230769231,-6.37860576923077,,0.5206604063385417,,0.0
181,SVC_linear,,,,,5.395516396222417,0.0
208,NuSVC_sigmoid,0.7365382720662139,1.999732621413706,,-5.618990384615384,,0.0
210,SVC_poly,,2.7546886274571754,7.330829326923077,5.802812110189814,6.546192477447319,0.0
179,NuSVC_rbf,0.203028846153846,-1.4604013649792265,,,,0.0
211,SVC_linear,,,,,4.96338877676256,0.0
239,NuSVC_sigmoid,0.6303365384615385,1.9684381081705844,,-7.108621472131334,,0.0
238,NuSVC_sigmoid,0.5053365384615387,0.929082605235485,,-7.008795984886966,,0.0
237,SVC_linear,,,,,-1.27283653846154,0.0
236,SVC_linear,,,,,3.7271634615384603,0.0
235,SVC_linear,,,,,4.749131214560013,0.0
234,NuSVC_rbf,0.28495192307692285,2.2800480769230784,,,,0.0
233,SVC_linear,,,,,5.259308593773087,0.0
232,SVC_linear,,,,,6.273202928849381,0.0
231,SVC_linear,,,,,5.5018503152240985,0.0
230,SVC_poly,,3.219003812326772,7.088521634615384,5.717873165438586,6.161531890933158,0.0
229,SVC_linear,,,,,-1.1862980769230784,0.0
228,NuSVC_sigmoid,0.7332732596654356,1.5917029508185887,,-6.1574519230769225,,0.0
227,SVC_linear,,,,,5.286313367501268,0.0
226,SVC_linear,,,,,-2.4362980769230784,0.0
225,SVC_poly,,2.251201923076922,4.276021634615384,0.688701923076922,5.705164898591082,0.0
223,SVC_linear,,,,,0.0637019230769218,0.0
222,SVC_linear,,,,,5.849247379199903,0.0
221,SVC_linear,,,,,5.761764981501424,0.0
220,NuSVC_sigmoid,0.608798076923077,2.5068996466321227,,-7.42707782624985,,0.0
219,NuSVC_sigmoid,0.4837980769230772,1.388935202546946,,-7.520002612529204,,0.0
218,SVC_linear,,,,,-1.8112980769230784,0.0
217,SVC_linear,,,,,3.188701923076922,0.0
216,SVC_linear,,,,,5.265493489015716,0.0
215,NuSVC_rbf,0.3064903846153844,2.8185096153846168,,,,0.0
214,SVC_linear,,,,,5.254416182518424,0.0
213,SVC_linear,,,,,5.775240384615384,0.0
212,SVC_linear,,,,,-4.224759615384617,0.0
180,NuSVC_rbf,0.10545397400249718,-2.446885303501344,,,,0.0
182,SVC_linear,,,,,4.772324302276826,0.0
153,SVC_linear,,,,,4.159855769230769,0.0
157,SVC_linear,,,,,1.573317307692307,0.0
155,NuSVC_poly,0.7398557692307695,-1.7776442307692317,2.9422475961538463,2.7151442307692317,,0.0
154,SVC_linear,,,,,5.460596718286086,0.0
178,SVC_linear,,,,,-2.888221153846155,0.0
152,NuSVC_sigmoid,0.6726442307692305,0.4098557692307686,,-6.503605769230768,,0.0
151,SVC_poly,,2.625620663147468,8.057752403846154,6.780445790833496,5.91027229284745,0.0
150,SVC_linear,,,,,-3.3401442307692317,0.0
149,NuSVC_rbf,0.6711057692307695,-1.8062206623155692,,,,0.0
148,NuSVC_sigmoid,0.7211057692307695,-5.840144230769232,,-0.01780113212299672,,0.0
147,SVC_linear,,,,,-4.590144230769232,0.0
146,SVC_rbf,,0.7223557692307687,,,2.7151442307692317,0.0
145,SVC_linear,,,,,5.6579911604135145,0.0
144,SVC_linear,,,,,-2.0901442307692317,0.0
143,SVC_poly,,-2.4026442307692317,6.370252403846154,-3.9651442307692317,3.6911057692307687,0.0
142,SVC_linear,,,,,5.371394230769232,0.0
141,NuSVC_rbf,0.13482395651805382,-1.8161057692307687,,,,0.0
140,NuSVC_rbf,0.24610576923076907,-2.537324441902303,,,,0.0
138,SVC_poly,,1.9723557692307687,4.260048881892906,6.509635831305089,6.702471164891214,0.0
137,SVC_linear,,,,,5.3470697698237695,0.0
136,NuSVC_poly,0.761394230769231,-2.31610576923077,2.699939903846154,3.25360576923077,,0.0
135,SVC_linear,,,,,5.306721926040432,0.0
134,SVC_poly,,4.34735576923077,4.925060096153846,4.24639423076923,-5.59735576923077,0.0
133,NuSVC_sigmoid,0.651105769230769,-0.12860576923076983,,-5.96514423076923,,0.0
132,SVC_rbf,,4.97235576923077,,,-6.53485576923077,0.0
131,SVC_linear,,,,,-3.87860576923077,0.0
130,NuSVC_rbf,0.692644230769231,-2.3446822007771075,,,,0.0
156,SVC_linear,,,,,5.785460430640062,0.0
248,NuSVC_sigmoid,0.6803365384615383,0.6021634615384602,,3.30408653846154,,0.0
158,SVC_linear,,,,,-3.4266826923076934,0.0
166,SVC_linear,,,,,-4.051682692307693,0.0
172,SVC_linear,,,,,-5.301682692307693,0.0
173,SVC_linear,,,,,4.6983173076923075,0.0
174,SVC_linear,,,,,5.535393561067377,0.0
159,NuSVC_rbf,0.22456730769230754,-1.9988629034407648,,,,0.0
171,SVC_linear,,,,,4.338969694703954,0.0
170,SVC_poly,,2.08715912468593,7.815444711538461,6.551098809270226,6.104837846133957,0.0
175,NuSVC_rbf,0.34956730769230754,3.8954326923076934,,,,0.0
169,SVC_linear,,,,,-2.8016826923076934,0.0
168,NuSVC_sigmoid,0.7139817689981794,1.3717206835107327,,-4.5420673076923075,,0.0
167,NuSVC_sigmoid,0.7006167316150841,-5.301682692307693,,-0.5562626705845352,,0.0
165,SVC_rbf,,1.2370052211142277,,,2.2067389713725047,0.0
164,SVC_linear,,,,,5.333261772256785,0.0
163,SVC_linear,,,,,-1.5516826923076934,0.0
162,SVC_poly,,-1.8641826923076934,6.127944711538461,-3.4266826923076934,4.2295673076923075,0.0
161,SVC_linear,,,,,4.870265950999757,0.0
176,SVC_linear,,,,,5.813865799656086,0.0
160,NuSVC_rbf,0.11493523128136279,-2.34892693370002,,,,0.0
177,SVC_linear,,,,,2.1117788461538454,0.0
353,SVC_linear,,,,,4.723531326736328,-1.7976931348623157e+308
423,SVC_linear,,,,,5.587221181565692,-1.7976931348623157e+308
372,SVC_linear,,,,,5.135168673938027,-1.7976931348623157e+308
123,SVC_linear,,,,,5.90985576923077,-1.7976931348623157e+308
315,SVC_linear,,,,,5.39781570698488,-1.7976931348623157e+308
254,NuSVC_rbf,0.2634134615384613,1.74158653846154,,,,-1.7976931348623157e+308
318,SVC_linear,,,,,2.7560096153846136,-1.7976931348623157e+308
79,NuSVC_poly,0.8260096153846155,-3.931490384615385,1.973016826923077,4.868990384615385,,-1.7976931348623157e+308
139,SVC_linear,,,,,-3.9651442307692317,-1.7976931348623157e+308
351,SVC_linear,,,,,1.9579326923076903,-1.7976931348623157e+308
299,SVC_linear,,,,,2.2175480769230753,-1.7976931348623157e+308
224,SVC_linear,,,,,5.788196568294924,-1.7976931348623157e+308
478,SVC_linear,,,,,5.309297059609038,-1.7976931348623157e+308
262,SVC_linear,,,,,5.756982674195041,-1.7976931348623157e+308
441,SVC_linear,,,,,5.0487596431041535,-1.7976931348623157e+308
386,SVC_linear,,,,,4.90976613825463,-1.7976931348623157e+308
394,SVC_linear,,,,,5.352458733580119,-1.7976931348623157e+308
98,NuSVC_poly,0.804471153846154,-3.3930288461538467,2.2153245192307693,4.330528846153847,,-1.7976931348623157e+308
460,SVC_linear,,,,,4.770835521147499,-1.7976931348623157e+308
280,SVC_linear,,,,,1.679086538461537,-1.7976931348623157e+308
427,SVC_linear,,,,,5.903724224346812,-1.7976931348623157e+308
