,logGamma,kernel,coef0,C,degree,n,value
497,6.686208344686083,SVC_sigmoid,-4.524318183238793,4.789663461538459,,,0.5224598627843742
478,6.710536210516302,SVC_sigmoid,-4.898209179603225,4.339293025067077,,,0.5223450295109648
488,6.533587846262228,SVC_sigmoid,-4.447599175919832,4.299486492111292,,,0.5221920576989346
476,6.460067086824821,SVC_sigmoid,-5.081367485768148,4.652756683986742,,,0.5220566998264395
487,6.431620610626359,SVC_sigmoid,-4.663244454874248,4.3549681965354194,,,0.5218967269953464
499,6.593987635406685,SVC_sigmoid,-4.608231749303185,4.748129815397992,,,0.5218533875288605
479,6.402360401632674,SVC_sigmoid,-4.558565705379061,4.5760352251942304,,,0.521845083795299
411,6.626045619902264,SVC_sigmoid,-5.148178231242061,4.323084876097238,,,0.5217782048040926
459,6.689920753814356,SVC_sigmoid,-4.977612608047484,4.307090433005952,,,0.5217401169909349
481,6.611699150856445,SVC_sigmoid,-4.789663461538459,4.823067156226857,,,0.521719048012763
489,6.372980476975289,SVC_sigmoid,-5.437371716322948,4.02348551246293,,,0.5214691653901515
483,6.305979438964896,SVC_sigmoid,-4.9745446179144395,4.04534288504721,,,0.5214158604314276
495,6.3080678805439065,SVC_sigmoid,-4.999356880281913,3.897092418976775,,,0.5213911611325389
480,6.352163461538459,SVC_sigmoid,-4.303865845924805,4.4963026094961105,,,0.5213389374370585
496,6.153794408686726,SVC_sigmoid,-5.240179534924004,4.8441621688139715,,,0.5208748449054287
456,6.998528625286359,SVC_sigmoid,-4.60873860109681,4.114295145525204,,,0.5180283245209066
492,7.167248448763787,SVC_sigmoid,-4.129433644239564,3.8463035727360646,,,0.516655187303439
417,7.3120735343608505,SVC_sigmoid,-5.206206023125638,2.6358173076923053,,,0.5151195829382338
491,7.065031577661491,SVC_sigmoid,-4.480122344739688,4.125255740588113,,,0.5147185997872228
458,7.24899774897784,SVC_sigmoid,-4.774022641775181,4.1638941555909454,,,0.51443044719792
490,7.275651774360453,SVC_sigmoid,-4.370600092289939,4.431445314410469,,,0.5142568348514722
477,7.224669883147621,SVC_sigmoid,-4.997208760166046,4.251201923076921,,,0.5141427803249687
486,5.102163461538459,SVC_sigmoid,-3.5396634615384586,5.150059106372992,,,0.511512052885619
418,8.049905959874936,SVC_sigmoid,-5.850945718698258,4.4694159744064645,,,0.5050612309471931
416,7.801367369713553,SVC_sigmoid,-5.557578284698445,4.263042403946825,,,0.5047464445273604
457,7.76313142160916,SVC_sigmoid,-5.389660052962039,3.712740384615382,,,0.5042130756593524
482,3.8521634615384586,SVC_sigmoid,-5.282098838892739,5.011453183340992,,,0.4736734643264889
410,6.386080530585769,SVC_sigmoid,-5.5355102916691505,3.6263028734127243,,,0.4703694990484533
470,6.95805254006979,SVC_sigmoid,-4.803030415763153,4.969906852872008,,,0.4695421094321472
430,6.16175606849022,SVC_sigmoid,-5.87995349268623,3.9061046807449378,,,0.46923817639431464
415,6.073317307692306,SVC_sigmoid,-4.510817307692306,3.855024187044646,,,0.46916040085661337
19,7.265625,SVC_sigmoid,-5.703125,3.828125,,,0.46584299998662315
463,6.444872149405528,SVC_sigmoid,-4.822641255023653,4.334056542980145,,,0.41990014939665643
450,6.419591001608252,SVC_sigmoid,-5.341491954224692,4.444566219206476,,,0.4180550246862652
452,6.525240384615382,SVC_sigmoid,-5.017056612199321,4.923226649659141,,,0.4180085207348421
449,6.61936684348086,SVC_sigmoid,-4.634838756495535,5.1004085893860065,,,0.41789537582876923
448,6.745674380670844,SVC_sigmoid,-5.308730098524714,4.485286063022739,,,0.4178938203894873
471,6.665524127400806,SVC_sigmoid,-5.018583883201226,3.872176456328911,,,0.41772418045745374
451,6.352580358649604,SVC_sigmoid,-5.504255368024187,4.381002008781608,,,0.4173227198174393
472,7.063701923076921,SVC_sigmoid,-4.556927041452758,4.384765111197603,,,0.4163195753045291
455,7.150240384615382,SVC_sigmoid,-5.587740384615382,4.832317556371861,,,0.4144007587966474
429,7.157828381942398,SVC_sigmoid,-4.739951636752186,4.733211590285119,,,0.4129216791568856
428,7.284135919132383,SVC_sigmoid,-5.847191636986253,3.946824524561201,,,0.41174707226677676
39,7.073783289613537,SVC_sigmoid,-5.418448951930054,3.3072555001487087,,,0.4077023619299293
419,6.835369029497032,SVC_sigmoid,-5.448401316695128,4.12575766707087,,,0.3688502584270404
475,6.754301068925806,SVC_sigmoid,-5.537818418743451,4.435553957438313,,,0.36614036955897333
468,6.207212842209306,SVC_sigmoid,-4.770268560063176,4.83794803057283,,,0.36446036891321915
469,6.093233049494846,SVC_sigmoid,-5.173300294957073,4.561947050924468,,,0.3640772346614131
439,6.931882040140652,SVC_sigmoid,-5.516074146509022,4.067832945544687,,,0.36382219247370473
438,7.787459287439378,SVC_sigmoid,-5.312484180236719,4.300637113940963,,,0.35193680362589114
437,7.789225786617463,SVC_sigmoid,-5.30519590450169,3.1742788461538436,,,0.3514293459931587
436,7.536990163747897,SVC_sigmoid,-5.019116746236906,3.7790063004405825,,,0.35126145776259754
461,6.075474448576075,SVC_sigmoid,-4.251201923076921,5.3615286946883955,,,0.3097036275646299
460,5.813701923076921,SVC_sigmoid,-4.820356461753685,3.9578410710345717,,,0.30880762319813
435,6.611778846153844,SVC_sigmoid,-5.049278846153844,4.393485725506184,,,0.2632278697297519
467,6.008377142641008,SVC_sigmoid,-4.571105972588463,3.9962544464284067,,,0.2579250264568082
464,5.617826153136938,SVC_sigmoid,-4.210735200372837,4.653953703359809,,,0.25672444283424595
466,4.563701923076921,SVC_sigmoid,-3.0012019230769202,4.873676104405025,,,0.2486154730731372
462,3.3137019230769202,SVC_sigmoid,-5.820560377354277,4.8303021421771,,,0.23495018374868684
498,3.6685751544669354,SVC_rbf,,4.124588854646581,,,0.2259949525323961
431,6.470406754719989,SVC_sigmoid,-5.464304455406256,4.861546414558776,,,0.21338075397259856
474,-5.056850379896262,SVC_poly,-3.724660491459635,-3.4141169581801347,3.087717266590778,,0.17303086033562098
432,5.986778846153844,SVC_sigmoid,-5.555518150660859,4.434638179640438,,,0.15862760245491425
412,5.448317307692306,SVC_sigmoid,-6.093979689122397,3.8961766411788994,,,0.15451437320863076
493,3.7663850467360604,SVC_rbf,,4.953024188688681,,,0.14803058443110376
485,2.964033581651946,SVC_rbf,,4.794053270567028,,,0.14802396143261468
453,-3.6262692825158775,SVC_poly,-3.5070852854725896,-3.275806382134208,3.119401878526059,,0.11542430543423148
494,2.89888316755498,SVC_rbf,,4.771785120495663,,,0.06562798530007677
454,-4.650240384615382,SVC_poly,-4.263122029921173,-2.931490384615382,2.8454095742830856,,0.05866832314457541
427,6.874061321410044,SVC_sigmoid,-5.64649017793606,4.358822553727793,,,0.05204491262842118
424,6.538243434466467,SVC_sigmoid,-5.2629575088360285,3.577030626436732,,,0.051656731688271305
421,7.132257429401799,SVC_sigmoid,-3.1742788461538436,4.438210823465313,,,0.050288400672848156
420,4.736778846153844,SVC_sigmoid,-5.897279538676762,2.880917994111495,,,0.04963737682888621
423,7.521795226328605,SVC_sigmoid,-4.9445700500791405,4.804145968295266,,,0.049347387691369524
261,6.140624999999999,SVC_sigmoid,-4.578124999999999,3.4572026494664048,,,0.0
305,7.126368727406442,SVC_sigmoid,-5.2788419867432905,4.287631296998193,,,0.0
314,7.0713662254850265,SVC_sigmoid,-3.6935096153846136,4.069741094191675,,,0.0
313,7.464799406629389,SVC_sigmoid,-5.3820054925010705,2.760760895792221,,,0.0
312,-1.5060096153846136,SVC_poly,-4.124865745428152,-2.8594291614408602,5.525420673076923,,0.0
311,,SVC_linear,,7.624698916557464,,,0.0
310,6.7856069973106665,SVC_sigmoid,-6.168417828999287,3.8670204380007127,,,0.0
309,7.01579137956616,SVC_sigmoid,-5.55143559079304,2.869065373628473,,,0.0
308,3.7574736793258374,SVC_rbf,,1.5060096153846136,,,0.0
307,-4.723264501706422,SVC_poly,-2.4435096153846136,-1.0372596153846136,2.89810291853441,,0.0
304,1.7487980769230753,SVC_rbf,,2.8425480769230753,,,0.0
294,6.926337868167851,SVC_sigmoid,-5.207915497922651,2.8690443355956474,,,0.0
303,-5.314550361037417,SVC_poly,-0.030048076923075095,-3.336192425436199,4.923978365384615,,0.0
302,7.822709262403427,SVC_sigmoid,-5.987110915936799,3.2851853645471376,,,0.0
301,2.8425480769230753,SVC_sigmoid,-1.2800480769230753,3.959071125378777,,,0.0
300,1.2324541467245795,NuSVC_sigmoid,-0.030048076923075095,,,0.41754807692307716,0.0
299,,SVC_linear,,1.4362980769230753,,,0.0
298,7.217548076923076,SVC_sigmoid,-5.655048076923076,4.200118824902382,,,0.0
297,3.8029125309320744,SVC_rbf,,-0.2824519230769249,,,0.0
296,-0.1262019230769249,SVC_rbf,,4.169627239152387,,,0.0
315,5.256009615384614,SVC_sigmoid,-5.786482032929681,4.150903985352846,,,0.0
316,4.009620926657192,SVC_rbf,,0.25600961538461353,,,0.0
317,7.756009615384614,SVC_sigmoid,-6.193509615384614,3.703082722586326,,,0.0
318,2.7560096153846136,SVC_sigmoid,-6.091876416327029,4.143738076246448,,,0.0
336,8.044393945922574,SVC_sigmoid,-6.174762406751327,3.3318598462535367,,,0.0
335,3.9744724767659254,SVC_rbf,,0.794471153846152,,,0.0
334,5.794471153846152,SVC_sigmoid,-6.170888726659568,3.6124424468913077,,,0.0
333,6.884057434155255,SVC_sigmoid,-4.231971153846152,3.982431332726605,,,0.0
332,7.977567736698359,SVC_sigmoid,-5.778092509269128,2.7487482130913654,,,0.0
331,-2.044471153846152,SVC_poly,-4.66332728388969,-2.5489033851592944,5.28311298076923,,0.0
330,-4.81725951427801,SVC_poly,-5.126289862648782,-3.7518835139943123,3.5956129807692303,,0.0
329,7.324068535772205,SVC_sigmoid,-5.6299562905377485,4.147051934816503,,,0.0
328,6.70439207537108,SVC_sigmoid,-6.089897129254578,2.765088513704832,,,0.0
326,-0.8334173460549738,SVC_rbf,,5.410097120644461,,,0.0
325,2.044471153846152,SVC_sigmoid,-5.8337475422153915,4.366594217627839,,,0.0
324,7.580403585944512,SVC_sigmoid,-5.473924405808737,3.8012838228305825,,,0.0
323,5.881009615384614,SVC_sigmoid,-4.318509615384614,2.4435096153846136,,,0.0
322,4.100649328789054,SVC_rbf,,5.671177749192218,,,0.0
321,8.168345131810154,SVC_sigmoid,-6.277213640458396,3.1754133979667314,,,0.0
320,3.3810096153846136,SVC_sigmoid,-1.8185096153846136,4.204880386791368,,,0.0
319,,SVC_linear,,1.9747596153846136,,,0.0
295,7.5866450494877276,SVC_sigmoid,-3.1550480769230753,4.017252045333486,,,0.0
293,-0.9675480769230753,SVC_poly,-4.031919235889764,-3.3978906999023986,5.767728365384615,,0.0
260,2.6093750000000018,SVC_poly,-4.991424706242175,-2.5707369189472966,2.5670920615091024,,0.0
253,4.64300067775355,SVC_rbf,,-0.10937500000000155,,,0.0
267,0.6718749999999987,SVC_rbf,,1.7656249999999987,,,0.0
248,-3.7271634615384603,SVC_poly,1.58533653846154,-2.7473891603486407,5.650901442307692,,0.0
249,0.13341346153846023,SVC_rbf,,1.2271634615384603,,,0.0
1,-1.015625,NuSVC_rbf,,,,0.153125,0.0
266,-4.265624999999999,SVC_poly,1.0468750000000018,-2.9424689377469018,5.40859375,,0.0
265,6.765624999999999,SVC_sigmoid,-5.230701982106835,4.258370603436948,,,0.0
251,-0.10937500000000155,SVC_sigmoid,-5.162673017420993,2.914839886555283,,,0.0
252,-5.1338136066917,SVC_poly,-0.8281249999999987,0.5781250000000017,3.296749490077142,,0.0
254,7.390624999999999,SVC_sigmoid,-5.951086384793058,4.346755444365506,,,0.0
291,7.554252918027698,SVC_sigmoid,-5.012974052331502,3.2980300672008385,,,0.0
255,,SVC_linear,,7.95067381019132,,,0.0
257,7.5361907234447205,SVC_sigmoid,-6.284838574845728,3.8410897031886253,,,0.0
258,7.634783146349529,SVC_sigmoid,-2.0781249999999987,3.4543483812028546,,,0.0
264,1.7656249999999987,SVC_sigmoid,-0.20312499999999856,3.5217669800315194,,,0.0
338,,SVC_linear,,2.513221153846152,,,0.0
259,-1.2031250000000018,SVC_rbf,,5.033719305062417,,,0.0
263,2.2968750000000018,NuSVC_sigmoid,1.0468750000000018,,,0.4606250000000003,0.0
262,1.1406249999999987,SVC_sigmoid,-5.41477406139439,3.4060313980413044,,,0.0
268,7.268262943437034,SVC_sigmoid,-5.671237089804995,3.3705274151968205,,,0.0
269,0.4290865384615369,SVC_sigmoid,-5.167022290209408,2.7550998709256067,,,0.0
270,-4.6748700107443675,SVC_poly,-1.366586538461537,0.03966346153846323,3.3718729292901792,,0.0
271,4.834396756248914,SVC_rbf,,0.4290865384615369,,,0.0
290,4.295935217787376,SVC_rbf,,0.9675480769230753,,,0.0
289,-4.348165093948232,SVC_poly,-1.9050480769230753,-0.4987980769230752,3.1404106108421024,,0.0
288,0.9675480769230753,SVC_sigmoid,-5.705483828670946,3.293561409387145,,,0.0
286,1.210336538461537,SVC_rbf,,2.304086538461537,,,0.0
285,-4.804086538461537,SVC_poly,0.5084134615384633,-3.287481376580507,5.166286057692307,,0.0
284,7.304086538461537,SVC_sigmoid,-5.4486493774752605,3.7199090649754094,,,0.0
283,2.304086538461537,SVC_sigmoid,-0.741586538461537,3.6789111111448833,,,0.0
282,1.7584134615384635,NuSVC_sigmoid,0.5084134615384633,,,0.4390865384615387,0.0
281,1.679086538461537,SVC_sigmoid,-5.953235599855929,3.8556153131435384,,,0.0
280,6.679086538461537,SVC_sigmoid,-5.116586538461537,3.995664187927943,,,0.0
279,2.0709134615384635,SVC_poly,-5.091487236484106,-2.3053754792224566,2.8093997538167947,,0.0
278,-0.6646634615384633,SVC_rbf,,4.495257766600878,,,0.0
277,7.847257848521674,SVC_sigmoid,-2.616586538461537,3.7279826479330627,,,0.0
276,6.997729184983182,SVC_sigmoid,-5.74637703638419,3.3161369955499826,,,0.0
275,,SVC_linear,,7.298672020244367,,,0.0
273,6.588045685046263,SVC_sigmoid,-6.276443185792416,3.4531090323948868,,,0.0
272,7.8055725349928835,SVC_sigmoid,-5.43211646194667,3.8082939059039678,,,0.0
337,3.294471153846152,SVC_sigmoid,-5.553414877865491,3.60527653778491,,,0.0
376,-5.6205636435808355,SVC_poly,-4.078848263734004,-2.5611046468914864,3.0940499125119967,,0.0
339,3.919471153846152,SVC_sigmoid,-2.356971153846152,4.181542464086079,,,0.0
395,-5.223087335600672,SVC_poly,-4.045546823934128,-2.6191379711545437,2.8517422202043043,,0.0
404,1.6983173076923053,SVC_sigmoid,-4.976950376079829,3.6159706557331344,,,0.0
403,1.3204288077911799,SVC_rbf,,4.917238143978541,,,0.0
402,4.198317307692306,SVC_sigmoid,-6.2355505470631405,3.167086290211484,,,0.0
400,7.773987178573684,SVC_sigmoid,-6.232935510231599,4.385329380945622,,,0.0
399,6.773611995899312,SVC_sigmoid,-5.073453318624298,2.097355769230767,,,0.0
398,7.292401457858311,SVC_sigmoid,-5.348825829887783,4.801503942408363,,,0.0
397,5.534855769230767,SVC_sigmoid,-3.972355769230767,3.356999198945954,,,0.0
396,-3.034855769230767,SVC_poly,-4.677361806789777,-1.316105769230767,3.0349188026090412,,0.0
394,4.909855769230767,SVC_sigmoid,-5.555518150660859,3.5728910525441675,,,0.0
406,-5.093221268177131,SVC_poly,-4.094367547663414,-2.5000011654030674,2.700936381839599,,0.0
393,6.781684485084539,SVC_sigmoid,-4.832052007077865,3.7846233376356997,,,0.0
392,6.774560118515555,SVC_sigmoid,-4.997048753207612,3.5559320846041658,,,0.0
391,7.409855769230767,SVC_sigmoid,-5.816874713675262,3.708731146012286,,,0.0
390,7.926283589288907,SVC_sigmoid,-5.847355769230767,3.1385046850502842,,,0.0
389,6.934962642841161,SVC_sigmoid,-5.320317254635798,4.364132828475981,,,0.0
388,3.0442907117925833,SVC_rbf,,4.671456310920259,,,0.0
387,-5.631682806638669,SVC_poly,-3.9734356464540053,-2.4695376592927327,2.8686899038461533,,0.0
386,7.449078909513401,SVC_sigmoid,-5.463304120599088,3.2987563089486915,,,0.0
405,7.076704972928005,SVC_sigmoid,-5.801419047297567,3.0385690879751936,,,0.0
408,7.412522859871582,SVC_sigmoid,-5.6317099650612805,4.701778777340056,,,0.0
340,7.629883593348616,SVC_sigmoid,-6.111770737989318,3.7138749364282697,,,0.0
442,2.775240384615382,SVC_sigmoid,-6.039512606333485,4.592285859324637,,,0.0
484,2.891139204155878,SVC_rbf,,4.915471335217568,,,0.0
473,3.353242259019944,SVC_rbf,,5.491485727150219,,,0.0
465,2.9405877371821383,SVC_rbf,,5.332514809028567,,,0.0
447,6.335599782948505,SVC_sigmoid,-5.108028639474521,3.9772489329666243,,,0.0
446,3.4856233113419464,SVC_rbf,,4.305976841304542,,,0.0
445,3.065855671972281,SVC_rbf,,4.794053270567028,,,0.0
444,6.0119418673581215,SVC_sigmoid,-4.72449597037449,4.115492164898271,,,0.0
443,6.983333687867066,SVC_sigmoid,-4.734740378114333,4.6311147716723005,,,0.0
441,6.59379589094026,SVC_sigmoid,-3.712740384615382,4.920011842460602,,,0.0
409,7.822597457593921,SVC_sigmoid,-6.385653175447791,3.4083629860996627,,,0.0
440,5.275240384615382,SVC_sigmoid,-5.358818000215224,3.4193795325730334,,,0.0
434,-4.111778846153844,SVC_poly,-4.8015835683827115,-2.3930288461538436,2.6031018819753933,,0.0
433,-4.1461642586775955,SVC_poly,-4.045546823934128,-3.366316053241956,2.8770941862183665,,0.0
426,3.1786576466314624,SVC_rbf,,3.7675153028430035,,,0.0
425,3.3583691204541974,SVC_rbf,,4.25559173210549,,,0.0
422,2.2367788461538436,SVC_sigmoid,-5.515411914541367,4.053824320863098,,,0.0
414,-3.5733173076923053,SVC_poly,-4.896763479732031,-1.8545673076923053,2.792611110301349,,0.0
413,-4.684625797139134,SVC_poly,-4.584008362395666,-3.050290171637505,2.762830533383824,,0.0
385,1.159855769230767,SVC_sigmoid,-4.438488837618291,4.154432194194673,,,0.0
384,0.7819672693296416,SVC_rbf,,4.378776605517003,,,0.0
383,3.659855769230767,SVC_sigmoid,-5.755592486376346,3.536388592845908,,,0.0
350,-2.5829326923076903,SVC_poly,-5.097064269435595,-2.579594329310801,5.040805288461538,,0.0
358,,SVC_linear,,7.341604611805258,,,0.0
357,,SVC_linear,,3.0516826923076903,,,0.0
356,3.8329326923076903,SVC_sigmoid,-5.052642942927047,3.2244513215609976,,,0.0
355,7.505932407461035,SVC_sigmoid,-5.636300868289789,3.0467281751287585,,,0.0
354,3.4566170858537886,SVC_rbf,,1.3329326923076903,,,0.0
353,6.332932692307691,SVC_sigmoid,-6.259300323030144,3.378214514239544,,,0.0
352,6.976010320460289,SVC_sigmoid,-4.770432692307691,3.6740564136832763,,,0.0
351,7.4391061982368205,SVC_sigmoid,-6.115458009631017,3.2872097515529037,,,0.0
349,-5.290541410902813,SVC_poly,-4.727317082803995,-3.5133095462041983,3.353305288461538,,0.0
381,7.496394230769229,SVC_sigmoid,-5.933894230769229,4.058894230769229,,,0.0
348,7.758158150612866,SVC_sigmoid,-5.163328208385842,4.140616632688456,,,0.0
347,6.593143198119425,SVC_sigmoid,-6.063774496723129,2.803519655749557,,,0.0
346,0.08293269230769018,SVC_sigmoid,-3.3615657606952136,4.1391421132938095,,,0.0
345,-0.2949558075934353,SVC_rbf,,4.871635582182923,,,0.0
344,2.5829326923076903,SVC_sigmoid,-5.295286003753853,4.613311669768985,,,0.0
343,8.03370187362921,SVC_sigmoid,-5.812507152118669,3.365542633467064,,,0.0
342,6.419471153846152,SVC_sigmoid,-4.856971153846152,2.981971153846152,,,0.0
341,3.562187790327516,SVC_rbf,,5.132716210730679,,,0.0
359,4.457932692307691,SVC_sigmoid,-2.8954326923076903,3.643080925624541,,,0.0
360,7.091422054887078,SVC_sigmoid,-5.573309199527779,4.252336474889808,,,0.0
361,3.2000667827124354,SVC_rbf,,4.594254672269141,,,0.0
362,6.957932692307691,SVC_sigmoid,-5.395432692307691,3.5204326923076903,,,0.0
380,2.9568935214112524,SVC_rbf,,4.100189311371874,,,0.0
379,6.753939919396773,SVC_sigmoid,-5.268600790577081,4.546760448659386,,,0.0
378,4.996394230769229,SVC_sigmoid,-3.4338942307692286,3.383248801401713,,,0.0
377,,SVC_linear,,7.880066150266797,,,0.0
246,1.2271634615384603,SVC_sigmoid,0.3353365384615399,3.4942772200901158,,,0.0
375,4.371394230769229,SVC_sigmoid,-5.017056612199321,3.3117816547194825,,,0.0
374,6.967470868999497,SVC_sigmoid,-5.225012444260346,3.2461617991741614,,,0.0
373,7.313021656977093,SVC_sigmoid,-5.195599523899718,3.5233919341089406,,,0.0
372,6.871394230769229,SVC_sigmoid,-6.304561842713025,3.370490935235597,,,0.0
371,7.514471858921827,SVC_sigmoid,-5.308894230769229,3.397537756670413,,,0.0
370,6.900644659775282,SVC_sigmoid,-5.725901254957667,3.825671290014442,,,0.0
369,3.3096395713775566,SVC_rbf,,5.209917849381798,,,0.0
368,-5.6541209225698905,SVC_poly,-4.188855544342457,-2.97484800774266,3.1109975961538456,,0.0
367,7.756128265542185,SVC_sigmoid,-5.302395740605845,3.6936627550390635,,,0.0
366,0.6213942307692286,SVC_sigmoid,-3.900027299156752,4.17577156981403,,,0.0
365,0.24350573086810312,SVC_rbf,,4.333174043721384,,,0.0
364,3.1213942307692286,SVC_sigmoid,-5.217130947914808,4.074850131307446,,,0.0
247,6.227163461538461,SVC_sigmoid,-5.5267250277328035,4.075511682509608,,,0.0
0,0.546875,SVC_rbf,,-4.609375,,,0.0
245,2.83533653846154,NuSVC_sigmoid,1.58533653846154,,,0.48216346153846185,0.0
81,,SVC_linear,,6.596415109436401,,,0.0
94,-4.419471153846153,SVC_poly,-4.799278846153847,-2.7007211538461533,5.339362980769231,,0.0
93,3.0132211538461533,NuSVC_poly,2.6093038934067967,,2.4262620192307693,0.658028846153846,0.0
92,7.528130491451165,NuSVC_poly,6.299107958901752,,3.8325120192307693,0.883028846153846,0.0
91,-4.97651037188893,SVC_poly,0.2680288461538465,4.174278846153847,2.4965745192307693,,0.0
90,1.2944711538461537,SVC_sigmoid,0.2680288461538465,7.299278846153847,,,0.0
89,0.8257211538461537,NuSVC_sigmoid,-3.925507057528307,,,0.3794711538461538,0.0
88,,SVC_linear,,3.0132211538461533,,,0.0
87,7.401251999460192,SVC_sigmoid,2.7680288461538467,4.799278846153847,,,0.0
86,-1.0492788461538467,SVC_rbf,,-3.7055288461538467,,,0.0
85,-8.252206427447744,NuSVC_rbf,,,,0.27957324883454726,0.0
84,-5.669471153846153,NuSVC_rbf,,,,0.5846295562224939,0.0
83,5.893028846153847,SVC_rbf,,5.736778846153847,,,0.0
82,2.5444711538461537,SVC_sigmoid,-5.981971153846153,6.049278846153847,,,0.0
80,5.268028846153847,NuSVC_sigmoid,6.518028846153847,,,0.3294711538461538,0.0
128,,SVC_linear,,4.09014423076923,,,0.0
79,-4.955528846153847,SVC_sigmoid,-3.4819711538461533,3.5492788461538467,,,0.0
78,7.094318432915025,SVC_sigmoid,-5.500156488513138,4.135316660452528,,,0.0
77,,SVC_linear,,-0.6502403846153849,,,0.0
76,2.681490384615385,NuSVC_sigmoid,-5.337740384615385,,,0.2052403846153846,0.0
75,1.3810096153846154,SVC_sigmoid,-6.587740384615385,2.943509615384615,,,0.0
74,-3.881009615384615,SVC_poly,-5.337740384615385,-2.162259615384615,5.581670673076923,,0.0
73,2.474759615384615,NuSVC_poly,2.0708423549452584,,2.183954326923077,0.6364903846153845,0.0
72,7.605321802659937,NuSVC_poly,6.83756949736329,,3.590204326923077,0.8614903846153845,0.0
71,-4.610781733554232,SVC_poly,0.8064903846153849,4.712740384615385,2.254266826923077,,0.0
70,0.7560096153846153,SVC_sigmoid,0.8064903846153849,7.837740384615385,,,0.0
69,0.2872596153846153,NuSVC_sigmoid,-4.098814177434185,,,0.4010096153846154,0.0
68,,SVC_linear,,2.474759615384615,,,0.0
67,7.550720610157036,SVC_sigmoid,3.306490384615385,5.337740384615385,,,0.0
95,1.9194711538461537,SVC_sigmoid,-6.049278846153847,3.4819711538461533,,,0.0
96,2.1430288461538467,NuSVC_sigmoid,-4.799278846153847,,,0.22677884615384614,0.0
97,,SVC_linear,,-0.11177884615384648,,,0.0
98,7.31596535820607,SVC_sigmoid,-5.8859145441114125,4.194031353494084,,,0.0
244,0.6021634615384602,SVC_sigmoid,-4.876312522932852,3.4076902769107047,,,0.0
125,2.0746237019891405,NuSVC_sigmoid,-4.34735576923077,,,0.2529502877839106,0.0
124,-6.74639423076923,NuSVC_rbf,,,,0.5415526331455709,0.0
122,3.6213942307692304,SVC_sigmoid,-6.089929522544615,4.97235576923077,,,0.0
121,,SVC_linear,,7.673338186359477,,,0.0
120,4.19110576923077,NuSVC_sigmoid,5.44110576923077,,,0.28639423076923065,0.0
119,-3.87860576923077,SVC_sigmoid,-4.55889423076923,3.0524337100787338,,,0.0
118,7.462576878841979,SVC_sigmoid,-6.118340291884684,3.6676278802120863,,,0.0
117,,SVC_linear,,0.42668269230769196,,,0.0
116,1.6045673076923084,NuSVC_sigmoid,-4.260817307692308,,,0.24831730769230767,0.0
115,2.457932692307692,SVC_sigmoid,-5.510817307692308,4.020432692307692,,,0.0
114,-4.957932692307692,SVC_poly,-4.260817307692308,-3.2391826923076916,5.097055288461538,,0.0
113,3.5516826923076916,NuSVC_poly,3.147765431868335,,2.6685697115384617,0.6795673076923076,0.0
112,-7.457932692307692,NuSVC_rbf,,,,0.20889721471216333,0.0
111,6.604567307692308,SVC_rbf,,4.5005491918791725,,,0.0
110,1.832932692307692,SVC_sigmoid,-0.27043269230769196,6.760817307692308,,,0.0
109,,SVC_linear,,1.051682692307692,,,0.0
108,,SVC_linear,,3.5516826923076916,,,0.0
107,7.080938475888039,SVC_sigmoid,2.2295673076923084,4.260817307692308,,,0.0
106,-0.5108173076923083,SVC_rbf,,-3.1670673076923084,,,0.0
105,2.3667191839311847,NuSVC_sigmoid,-4.885817307692308,,,0.2535868844901913,0.0
104,-6.207932692307692,NuSVC_rbf,,,,0.5630910946840324,0.0
103,5.354567307692308,SVC_rbf,,5.198317307692308,,,0.0
102,3.082932692307692,SVC_sigmoid,-6.224197095687608,5.510817307692308,,,0.0
101,,SVC_linear,,7.134876647897939,,,0.0
100,4.729567307692308,NuSVC_sigmoid,5.979567307692308,,,0.3079326923076922,0.0
99,-4.417067307692308,SVC_sigmoid,-4.020432692307692,3.1678257406406964,,,0.0
66,-1.587740384615385,SVC_rbf,,-4.243990384615385,,,0.0
65,-8.790667965909282,NuSVC_rbf,,,,0.2657934520265546,0.0
64,-5.131009615384615,NuSVC_rbf,,,,0.6061680177609554,0.0
31,-5.164663461538462,SVC_rbf,,2.1790865384615383,,,0.0
29,5.633413461538462,NuSVC_sigmoid,6.883413461538462,,,0.7440865384615385,0.0
28,7.058881942564645,SVC_sigmoid,4.383413461538462,6.414663461538462,,,0.0
27,-2.6646634615384617,SVC_rbf,,-5.320913461538462,,,0.0
26,-7.804086538461538,NuSVC_rbf,,,,0.22466346153846153,0.0
25,-1.7271634615384617,NuSVC_poly,3.6021634615384617,,5.918088942307692,0.8684134615384616,0.0
24,0.32091346153846156,SVC_poly,-5.789663461538462,-5.002324168259609,2.9725360576923077,,0.0
23,0.9290865384615384,SVC_sigmoid,-4.366586538461538,7.664663461538462,,,0.0
22,0.46033653846153844,NuSVC_sigmoid,-8.289663461538462,,,0.6940865384615386,0.0
21,-1.5540865384615383,NuSVC_rbf,,,,0.17466346153846155,0.0
20,1.0853365384615383,SVC_rbf,,-4.070913461538462,,,0.0
18,-8.203125,NuSVC_sigmoid,5.546875,,,0.640625,0.0
17,9.609375,NuSVC_rbf,,,,0.728125,0.0
16,-8.828125,SVC_rbf,,-2.734375,,,0.0
15,,SVC_linear,,-4.765625,,,0.0
14,,NuSVC_linear,,,,0.411953125,0.0
13,,NuSVC_linear,,,,0.871328125,0.0
12,,SVC_linear,,3.359375,,,0.0
11,-5.703125,SVC_rbf,,1.640625,,,0.0
10,-9.765625,NuSVC_rbf,,,,0.503125,0.0
9,6.171875,NuSVC_sigmoid,7.421875,,,0.765625,0.0
8,6.640625,SVC_sigmoid,4.921875,6.953125,,,0.0
7,-2.890625,SVC_poly,4.921875,-6.171875,4.90234375,,0.0
6,-3.515625,NuSVC_poly,-9.609375,,8.48828125,0.896875,0.0
5,-2.265625,NuSVC_poly,4.140625,,5.67578125,0.846875,0.0
4,0.859375,SVC_poly,-6.328125,-4.921875,3.21484375,,0.0
3,0.390625,SVC_sigmoid,-3.828125,8.203125,,,0.0
2,-0.078125,NuSVC_sigmoid,-8.828125,,,0.7156250000000001,0.0
30,-0.7896634615384616,NuSVC_sigmoid,-5.175737254357261,,,0.4440865384615385,0.0
32,-4.852163461538462,SVC_poly,1.8834134615384617,5.789663461538462,1.7696514423076923,,0.0
63,6.431490384615385,SVC_rbf,,6.275240384615385,,,0.0
33,8.445913461538462,NuSVC_poly,7.914492574286367,,3.1055889423076923,0.8184134615384615,0.0
62,,SVC_linear,,6.057953570974862,,,0.0
61,5.806490384615385,NuSVC_sigmoid,7.056490384615385,,,0.35100961538461534,0.0
60,-5.493990384615385,SVC_sigmoid,-2.943509615384615,4.087740384615385,,,0.0
58,,SVC_linear,,-1.1887019230769234,,,0.0
57,3.2199519230769234,NuSVC_sigmoid,-5.876201923076923,,,0.18370192307692307,0.0
56,0.8425480769230769,SVC_sigmoid,-7.126201923076923,2.4050480769230766,,,0.0
55,-3.3425480769230766,SVC_poly,-5.876201923076923,-1.6237980769230766,5.823978365384615,,0.0
54,1.9362980769230766,NuSVC_poly,1.53238081648372,,1.9416466346153847,0.614951923076923,0.0
53,7.907451923076923,NuSVC_poly,7.376031035824829,,3.3478966346153847,0.839951923076923,0.0
52,-4.313701923076923,SVC_poly,1.3449519230769234,5.251201923076923,2.0119591346153847,,0.0
51,0.21754807692307687,SVC_sigmoid,1.3449519230769234,8.376201923076923,,,0.0
50,-0.25120192307692313,NuSVC_sigmoid,-4.637275715895723,,,0.42254807692307694,0.0
49,,SVC_linear,,1.9362980769230766,,,0.0
48,7.597343481026184,SVC_sigmoid,3.8449519230769234,5.876201923076923,,,0.0
47,-2.1262019230769234,SVC_rbf,,-4.782451923076923,,,0.0
46,-8.342548076923077,NuSVC_rbf,,,,0.24620192307692307,0.0
45,-1.1887019230769234,NuSVC_poly,3.0637019230769234,,6.160396634615385,0.8899519230769231,0.0
44,-0.21754807692307687,SVC_poly,-5.251201923076923,-4.46386262979807,2.7302283653846153,,0.0
43,1.4675480769230769,SVC_sigmoid,-4.905048076923077,7.126201923076923,,,0.0
42,0.9987980769230769,NuSVC_sigmoid,-7.751201923076923,,,0.672548076923077,0.0
41,-2.0925480769230766,NuSVC_rbf,,,,0.19620192307692308,0.0
40,1.6237980769230766,SVC_rbf,,-3.5324519230769234,,,0.0
38,-7.664663461538462,NuSVC_sigmoid,5.008413461538462,,,0.6190865384615385,0.0
37,9.070913461538462,NuSVC_rbf,,,,0.7065865384615385,0.0
36,-8.289663461538462,SVC_rbf,,-2.1959134615384617,,,0.0
35,,SVC_linear,,-4.227163461538462,,,0.0
34,,NuSVC_linear,,,,0.43833774038461537,0.0
127,7.01498290391031,SVC_sigmoid,1.69110576923077,3.72235576923077,,,0.0
126,4.87139423076923,SVC_sigmoid,-3.3088942307692304,4.1122314775309885,,,0.0
129,,SVC_linear,,1.5901442307692304,,,0.0
183,-2.7367788461538454,SVC_poly,-4.924278846153846,-2.3825531961972817,3.0853287680683392,,0.0
212,-1.1862980769230784,SVC_sigmoid,-6.0264426542923,3.8318993890606503,,,0.0
211,7.82376670300682,SVC_sigmoid,-5.6074238257066495,4.24710700057236,,,0.0
210,-0.15024038461538358,SVC_poly,0.16225961538461653,1.5685096153846168,5.010516826923077,,0.0
209,,SVC_linear,,5.618990384615384,,,0.0
208,5.150240384615384,SVC_sigmoid,-6.60364810465588,3.2651690964430644,,,0.0
207,4.532091886613255,SVC_rbf,,-2.3497596153846168,,,0.0
206,-0.7752403846153837,NuSVC_rbf,,,,0.21578083298450673,0.0
205,-0.9435096153846166,NuSVC_sigmoid,4.537259615384617,,,0.4502403846153848,0.0
204,-0.47475961538461664,SVC_sigmoid,-5.600215303045752,4.072318224257384,,,0.0
203,4.525240384615384,SVC_sigmoid,-2.9627403846153837,4.068509615384617,,,0.0
202,4.224759615384617,SVC_poly,-3.5740180072219214,-3.625837625926066,3.191465385532102,,0.0
201,-3.2752403846153837,SVC_poly,-4.606569601303981,-2.4202011115965805,2.9207768986395415,,0.0
200,,SVC_linear,,7.986013436578488,,,0.0
199,0.3064903846153836,NuSVC_sigmoid,0.7872596153846166,,,0.21791558839354408,0.0
198,8.099446354233557,SVC_sigmoid,-4.212740384615384,3.43811476560333,,,0.0
197,5.775240384615384,SVC_sigmoid,-5.33458566639557,3.2957714434053282,,,0.0
196,-5.442995793044856,SVC_poly,3.2872596153846168,-4.537259615384617,3.0417668269230766,,0.0
195,,SVC_linear,,2.4939903846153837,,,0.0
194,-1.7247596153846168,SVC_sigmoid,-6.564904192753838,4.370360927522189,,,0.0
192,0.38822115384615485,SVC_poly,0.700721153846155,2.106971153846155,5.252824519230769,,0.0
191,,SVC_linear,,5.080528846153846,,,0.0
190,4.611778846153846,SVC_sigmoid,-6.535591574455849,3.6944061143176565,,,0.0
189,4.207017033479704,SVC_rbf,,-2.888221153846155,,,0.0
188,-0.23677884615384526,NuSVC_rbf,,,,0.2064584976740243,0.0
130,2.3713942307692304,SVC_sigmoid,-0.8088942307692304,6.22235576923077,,,0.0
186,4.450721153846155,SVC_rbf,,4.706199071996248,,,0.0
185,3.9867788461538454,SVC_sigmoid,-2.4242788461538454,4.606971153846155,,,0.0
213,,SVC_linear,,3.032451923076922,,,0.0
214,-5.083136433311067,SVC_poly,2.7487980769230784,-3.9987980769230784,2.7994591346153843,,0.0
215,6.3137019230769225,SVC_sigmoid,-5.873047204857109,3.5921239927986135,,,0.0
230,-0.4050480769230782,SVC_rbf,,0.688701923076922,,,0.0
243,5.602163461538461,SVC_sigmoid,-4.039663461538461,3.2486053752923043,,,0.0
242,3.14783653846154,SVC_poly,-4.650941084144998,-2.9471000539861065,2.706850000916717,,0.0
241,-1.74158653846154,SVC_rbf,,5.572180843523955,,,0.0
240,7.3261750974314035,SVC_sigmoid,-1.5396634615384603,3.474913664955486,,,0.0
239,8.016769753755177,SVC_sigmoid,-6.176327745047924,4.362039890219009,,,0.0
238,,SVC_linear,,8.05831058035489,,,0.0
236,7.5294507207373105,SVC_sigmoid,-5.289663461538461,4.379921118883741,,,0.0
235,6.852163461538461,SVC_sigmoid,-6.125081833724535,4.130585531260152,,,0.0
234,4.219551534900092,SVC_rbf,,-0.64783653846154,,,0.0
233,-5.158016749299683,SVC_poly,-0.28966346153846023,1.11658653846154,3.123766778913577,,0.0
232,-0.64783653846154,SVC_sigmoid,-5.487981115830761,3.293437850599112,,,0.0
231,7.829762503923354,SVC_sigmoid,-5.830096548872191,3.7086454621108214,,,0.0
229,-3.188701923076922,SVC_poly,2.1237980769230784,-2.58343246084102,5.893209134615384,,0.0
216,8.067912259198849,SVC_sigmoid,-4.7512019230769225,3.9765763040648685,,,0.0
228,5.6887019230769225,SVC_sigmoid,-6.065186566194342,3.5370501440480693,,,0.0
227,0.688701923076922,SVC_sigmoid,0.8737980769230783,3.9395801281600353,,,0.0
226,3.3737980769230784,NuSVC_sigmoid,2.1237980769230784,,,0.5037019230769234,0.0
225,-0.4050480769230782,NuSVC_sigmoid,3.9987980769230784,,,0.42870192307692323,0.0
224,0.0637019230769218,SVC_sigmoid,-5.064761773542693,3.687764924611808,,,0.0
223,5.0637019230769225,SVC_sigmoid,-3.501201923076922,3.5300480769230784,,,0.0
222,3.6862980769230784,SVC_poly,-4.11247954568346,-3.485561592447645,2.9491576932244095,,0.0
221,-2.2800480769230784,SVC_rbf,,5.085007926382363,,,0.0
220,6.914367022429165,SVC_sigmoid,-1.001201923076922,3.893370381282392,,,0.0
219,7.563701923076922,SVC_sigmoid,-6.0012019230769225,4.37222477122881,,,0.0
218,,SVC_linear,,8.284728668108608,,,0.0
217,0.844951923076922,NuSVC_sigmoid,0.2487980769230782,,,0.2394540499320056,0.0
184,,SVC_linear,,3.2055288461538454,,,0.0
187,-8.28986042685175,NuSVC_rbf,,,,0.23308482804386652,0.0
182,7.322564903842944,SVC_sigmoid,0.07572115384615485,3.7923321558124385,,,0.0
160,7.217056010164086,SVC_sigmoid,-3.135817307692307,2.6126784861111347,,,0.0
158,-5.266784460914308,SVC_poly,4.364182692307693,-5.614182692307693,3.5263822115384613,,0.0
157,,SVC_linear,,1.417067307692307,,,0.0
181,6.486778846153845,SVC_sigmoid,-4.924278846153846,3.7316910561998893,,,0.0
154,1.4651442307692317,SVC_poly,1.7776442307692317,3.1838942307692317,5.737439903846154,,0.0
153,,SVC_linear,,4.003605769230769,,,0.0
152,3.163971514166109,SVC_rbf,,-3.9651442307692317,,,0.0
151,0.8401442307692316,NuSVC_rbf,,,,0.24917013498859691,0.0
150,-8.503097919171251,NuSVC_rbf,,,,0.24875056953813196,0.0
149,5.527644230769232,SVC_rbf,,4.834712041606734,,,0.0
148,,SVC_linear,,2.1286057692307687,,,0.0
147,-1.6598557692307687,SVC_poly,-3.8473557692307687,-3.4121903887840204,2.8547820456248667,,0.0
146,7.260604492096986,SVC_sigmoid,1.1526442307692317,3.2203569646673857,,,0.0
145,5.409855769230768,SVC_sigmoid,-3.8473557692307687,3.62358096083758,,,0.0
144,1.696579059514463,NuSVC_sigmoid,-3.866961194690873,,,0.23340863538986995,0.0
143,-7.284855769230768,NuSVC_rbf,,,,0.5200141716071094,0.0
141,4.159855769230769,SVC_sigmoid,-5.563247026341007,4.433894230769232,,,0.0
140,,SVC_linear,,8.211799724821017,,,0.0
139,3.6526442307692317,NuSVC_sigmoid,4.902644230769232,,,0.2648557692307691,0.0
137,7.590137593363251,SVC_sigmoid,-6.015863529785724,3.316172205223537,,,0.0
136,2.00360576923077,SVC_poly,2.31610576923077,3.72235576923077,5.979747596153846,,0.0
135,,SVC_linear,,3.4651442307692304,,,0.0
134,2.9963942307692304,SVC_sigmoid,-5.2435200831805915,4.339016992719654,,,0.0
133,2.966325123145932,SVC_rbf,,-4.50360576923077,,,0.0
132,1.37860576923077,NuSVC_rbf,,,,0.25119107865448,0.0
131,6.06610576923077,SVC_rbf,,4.642731296721125,,,0.0
159,4.6983173076923075,SVC_sigmoid,-5.121156940108093,3.8954326923076934,,,0.0
156,-2.8016826923076934,SVC_sigmoid,-5.635817307692307,4.129356787001811,,,0.0
173,0.9266826923076933,SVC_poly,1.2391826923076934,2.6454326923076934,5.495132211538461,,0.0
178,5.236778846153846,SVC_sigmoid,-4.796124127934032,3.356971153846155,,,0.0
176,,SVC_linear,,1.9555288461538454,,,0.0
172,,SVC_linear,,4.5420673076923075,,,0.0
171,4.0733173076923075,SVC_sigmoid,-6.274196242260471,4.232867652779195,,,0.0
177,-5.619334320044076,SVC_poly,3.825721153846155,-5.075721153846155,3.284074519230769,,0.0
170,3.702433052627647,SVC_rbf,,-3.4266826923076934,,,0.0
169,0.3016826923076932,NuSVC_rbf,,,,0.22763167345013538,0.0
168,-8.828321965313288,NuSVC_rbf,,,,0.25462328958232805,0.0
175,-2.263221153846155,SVC_sigmoid,-6.174278846153845,4.411873207426012,,,0.0
167,4.989182692307693,SVC_rbf,,4.8990312272383365,,,0.0
166,3.448317307692307,SVC_sigmoid,-1.885817307692307,5.145432692307693,,,0.0
165,,SVC_linear,,2.667067307692307,,,0.0
164,-2.198317307692307,SVC_poly,-4.3858173076923075,-2.873728850322482,2.9944162550994187,,0.0
179,7.728772167267929,SVC_sigmoid,-3.6742788461538454,2.899653227141792,,,0.0
180,1.6305750709287135,NuSVC_sigmoid,-4.417387005978227,,,0.2164496628184087,0.0
163,7.508607618249578,SVC_sigmoid,0.6141826923076933,3.400029527822962,,,0.0
162,5.948317307692307,SVC_sigmoid,-4.3858173076923075,3.193229517738351,,,0.0
161,1.411416731064139,NuSVC_sigmoid,-4.129435106883825,,,0.21959419855082063,0.0
123,4.81610576923077,SVC_rbf,,4.65985576923077,,,-1.7976931348623157e+308
237,,SVC_linear,,7.505330404660746,,,-1.7976931348623157e+308
256,,SVC_linear,,7.519849041893352,,,-1.7976931348623157e+308
363,7.495240335167672,SVC_sigmoid,-6.049796558990532,3.2141716189192397,,,-1.7976931348623157e+308
306,1.5060096153846136,SVC_sigmoid,-6.240313955797378,3.8320229478486834,,,-1.7976931348623157e+308
382,6.956778796706134,SVC_sigmoid,-5.643325249314264,3.752633157380778,,,-1.7976931348623157e+308
407,2.9132982572259363,SVC_rbf,,4.198584285907795,,,-1.7976931348623157e+308
138,-3.3401442307692317,SVC_sigmoid,-5.097355769230768,3.590895248540272,,,-1.7976931348623157e+308
174,6.83950927600449,SVC_sigmoid,-5.7010019913229035,4.361940423775177,,,-1.7976931348623157e+308
59,6.901166052043033,SVC_sigmoid,-5.455459836665735,3.6957661710297267,,,-1.7976931348623157e+308
193,7.359550347753958,SVC_sigmoid,-5.508504617061995,4.785568539033898,,,-1.7976931348623157e+308
142,4.277644230769232,SVC_rbf,,4.1223043607704914,,,-1.7976931348623157e+308
287,6.750300942782401,SVC_sigmoid,-5.4386284085110805,3.8644059247310336,,,-1.7976931348623157e+308
327,-0.45552884615384825,SVC_sigmoid,-2.8231042222336753,4.100189082932074,,,-1.7976931348623157e+308
274,,SVC_linear,,8.345685364668396,,,-1.7976931348623157e+308
292,6.247145458849128,SVC_sigmoid,-6.706879367460825,3.5678737004410808,,,-1.7976931348623157e+308
401,6.59969646415774,SVC_sigmoid,-5.322865681786364,4.291094695842316,,,-1.7976931348623157e+308
155,7.126575380394953,SVC_sigmoid,-5.896893566749833,3.8546337436850755,,,-1.7976931348623157e+308
250,7.78517504212907,SVC_sigmoid,-5.913247659070723,3.26892271565022,,,-1.7976931348623157e+308
