,n,degree,kernel,coef0,C,logGamma,value
308,,9.998869892007217,SVC_poly,0.5288820540153361,-0.3270092078691256,0.8979409954550447,0.911829828761704
305,,9.76316421250237,SVC_poly,0.28485576923076983,0.6091446262446104,1.0290277698020867,0.9040983079239524
400,,9.842608173076924,SVC_poly,0.04277993328728036,0.04945336565959019,1.5637087150819036,0.9040438843540908
432,,9.202223557692308,SVC_poly,0.8142069136595275,0.05301319500401497,1.2580519532467895,0.9037486948499323
257,,9.681358296430071,SVC_poly,0.29003407423576977,-2.030682912717218,1.9372049477343336,0.9026739834285384
253,,9.52890625,SVC_poly,-0.39039428513255603,-1.8281250000000018,1.1368810166348713,0.8986264466632148
381,,9.681789752337425,SVC_poly,0.2191473150495722,-0.6863462712933212,1.306572540164306,0.8966229670217969
126,,9.771006111246031,SVC_poly,0.18389423076923028,-2.15985576923077,1.53485576923077,0.8909694460439763
420,,8.959915865384616,SVC_poly,0.9393510580528557,-0.001621719034477609,0.7195904147852512,0.8906394954952302
384,,9.459675480769231,SVC_poly,-0.17193314381749758,-1.3100124364831995,1.5185643984880357,0.8901902253946702
402,,9.870462011725392,SVC_poly,0.5282204614766532,-1.1758296724957518,1.1575979714876716,0.8900395501817749
122,,7.832752403846154,SVC_poly,3.1694711538461533,-5.59735576923077,4.34735576923077,0.8879116490571132
418,,9.862054936016373,SVC_poly,0.16360870268697686,0.3121678545930532,0.6778905291781532,0.8877793539886969
419,,9.993531143107521,SVC_poly,0.09395368924239139,-0.6170219899645711,1.107900435017854,0.8873318718616195
421,,9.981070867576639,SVC_poly,1.0297537993689336,-1.0842766031454043,0.6946588262783241,0.8852031757371199
390,,9.819505507179958,SVC_poly,0.08339479859387544,-0.7795494093011783,0.1746388449692663,0.8838534085955109
404,,9.974609660741915,SVC_poly,0.39308052664956766,-0.12555138612703642,0.5669695356711911,0.8818974983460286
408,,9.727428890656448,SVC_poly,1.0313334426904208,-0.3419120640756392,0.7494696188762752,0.881520561800395
135,,8.535877403846154,SVC_poly,-3.56610576923077,5.12860576923077,2.78485576923077,0.8802555680633792
127,,3.473377403846154,SVC_poly,-4.81610576923077,6.37860576923077,6.53485576923077,0.8790128996568238
380,,8.334675480769231,SVC_poly,1.0318791610099178,-0.33081205287430226,1.3074771571947812,0.8769437115341624
396,,9.861351093513838,SVC_poly,1.0643667515286113,-0.670610017762163,1.2856688099945797,0.8736430022497108
392,,9.795203042134364,SVC_poly,1.0588860863786924,-0.13099964120097568,1.2879311573378136,0.8657942700941874
434,,8.639723557692308,SVC_poly,0.6210214849348872,0.1408772165141257,0.37180626681874696,0.8633458327111259
106,,9.528698418938339,SVC_poly,-0.35456730769230815,-2.6983173076923084,2.0733173076923084,0.8615499191640014
332,,9.64391875052803,SVC_poly,1.3779220340859195,-0.6402020297680677,1.224300151634413,0.8576187950138774
130,,9.098377403846154,SVC_poly,2.3235424563433016,3.87860576923077,4.03485576923077,0.8521646882266486
387,,9.821466750343774,SVC_poly,0.9208538468474212,-0.06345728918315896,0.20320818870941826,0.8510995706177656
428,,8.077223557692308,SVC_poly,1.012618637166368,0.21726317170844595,1.3064087543958163,0.8414817404232974
258,,5.16953125,SVC_poly,-1.0468750000000018,2.6093750000000018,2.7656250000000018,0.8394937135615301
330,,8.95126201923077,SVC_poly,1.621784259222605,-1.1391201009224101,0.40437373933896353,0.8361720885101528
141,,8.075060096153846,SVC_poly,2.631009615384615,-5.058894230769232,3.8088942307692317,0.8180760495369943
160,,8.317367788461539,SVC_poly,2.0925480769230766,-4.520432692307693,3.2704326923076934,0.818069251690841
416,,9.763191902522014,SVC_poly,0.3469129353212679,-0.6373681340342133,0.6191364330261332,0.8150937225018128
242,,9.516456497504173,SVC_poly,-0.14505729709754933,0.64783653846154,0.8937514802955928,0.8093107376238692
297,,9.956118257487924,SVC_poly,1.2304198630138936,0.10937500000000155,1.3611412650539707,0.8014942773424807
102,,7.590444711538462,SVC_poly,3.7079326923076916,-6.135817307692308,4.885817307692308,0.8010743856229258
164,,3.9579927884615387,SVC_poly,-3.7391826923076934,5.301682692307693,5.457932692307693,0.800750588894181
241,,8.302223557692308,SVC_poly,0.6148108228659559,-1.6164764504511697,1.1674036217083597,0.7950841965575232
378,,7.670492788461539,SVC_poly,0.17589427210183495,-0.8682290391458096,1.4169706766766281,0.7938586497146607
412,,9.746734016072498,SVC_poly,1.0161507458036416,-0.7993126231903468,1.2063650239505317,0.7937996386019981
149,,9.340685096153846,SVC_poly,1.7850809178817633,3.3401442307692317,3.4963942307692317,0.7909852376536718
107,,3.2310697115384617,SVC_poly,-5.354567307692308,6.917067307692308,7.073317307692308,0.7871674491148201
247,,9.989723557692308,SVC_poly,-0.3353365384615399,1.89783653846154,2.047743191622805,0.7843901876513752
145,,3.7156850961538463,SVC_poly,-4.277644230769232,5.840144230769232,5.996394230769232,0.7781723597660732
395,,9.549959279845568,SVC_poly,0.21811187709342442,-0.14788473283178272,0.7681110017027676,0.772226197679859
375,,7.107992788461539,SVC_poly,0.010738937922732172,-1.1460518197001028,1.0739793616893336,0.7666450127301061
16,,9.33203125,SVC_poly,8.203125,3.359375,-8.984375,0.7433398730437147
299,,8.466646634615385,SVC_poly,0.6778689613153042,-2.2160431778454868,1.2522370333724537,0.7287902498908747
262,,9.754774560512907,SVC_poly,0.3934042413639891,0.10937500000000155,1.3611412650539705,0.7220856141391836
152,,9.82511182080844,SVC_poly,7.076850242341962,2.262902261701074,-7.902284231953809,0.7198129159278202
293,,9.985395548718767,SVC_poly,0.40355572968143094,-1.9794597289092644,1.3684519487047642,0.7187274934934168
154,,8.778185096153846,SVC_poly,-3.0276442307692317,4.590144230769232,2.2463942307692317,0.7144341072322231
214,,9.044290865384616,SVC_poly,0.47716346153846156,-2.9050480769230784,1.6550480769230784,0.7135382289803699
287,,9.520856520194677,SVC_poly,0.8233173076923083,1.1476061647061488,1.498082316398529,0.7118578795515286
219,,4.684915865384616,SVC_poly,-2.1237980769230784,3.6862980769230784,3.8425480769230784,0.709722242162135
296,,9.029146634615385,SVC_poly,0.6338541732197587,-1.4259065125868156,1.5915899946689331,0.7073649859374095
343,,7.506069711538462,SVC_poly,0.8953979073434962,0.2047083814901609,1.5605631470250008,0.6987662952673185
321,,7.12313701923077,SVC_poly,1.260131013736241,0.019669636272882984,0.43566539255704195,0.6980824507613973
294,,5.654146634615385,SVC_poly,0.030048076923075095,1.5324519230769251,1.6887019230769251,0.6970648893944443
261,,8.54453125,SVC_poly,0.41903134699411637,-1.6379770252464074,0.7360431858283468,0.693779806443543
63,,7.105829326923077,SVC_poly,2.631009615384615,-7.212740384615385,5.962740384615385,0.6876284213361792
250,,9.618278942203121,SVC_poly,1.900240384615385,2.2245292416292255,1.1746552706860869,0.670721793276898
133,,9.781371352663868,SVC_poly,7.6153117808035,2.8013638001626124,-8.440745770415347,0.6706881572411175
309,,8.005829326923077,SVC_poly,2.78485576923077,-0.2896634615384601,1.4349625566307225,0.6634446779709564
55,,9.134224782810318,SVC_poly,7.602062583900722,3.0883790571937606,-8.994156760282019,0.6596587161880458
94,,9.576067621920796,SVC_poly,7.766709754608097,3.7878465135610506,-8.977814001833817,0.6569954962836972
238,,4.927223557692308,SVC_poly,-1.58533653846154,3.14783653846154,3.30408653846154,0.6394919733212985
342,,9.756069711538462,SVC_poly,0.38413779583069674,0.18947810279779975,0.24776492246851822,0.6294506281437484
75,,9.363109281934733,SVC_poly,7.677080484376926,3.539178270544813,-8.98849170614911,0.6285645037867679
83,,7.348137019230769,SVC_poly,3.1694711538461533,-6.674278846153847,5.424278846153847,0.6249237318454103
268,,9.484421959436661,SVC_poly,1.3617788461538467,1.6860677031676872,1.7131168091476252,0.6165616297846899
304,,6.880829326923077,SVC_poly,1.7985925521977792,-0.5187919021886555,0.9741269310185804,0.6163257151881101
280,,9.885625054921096,SVC_poly,0.8995646947359911,-0.4290865384615369,1.899602803515509,0.6125653251285855
87,,9.286390726630646,SVC_poly,-0.8930288461538466,-3.2367788461538467,2.6117788461538467,0.6093636636350472
271,,9.771213942307693,SVC_poly,-0.5480410229077408,-1.4039322847922024,1.670778189695229,0.6079808360542664
302,,9.60995077599989,SVC_poly,1.2800480769230753,0.2824519230769249,0.7387204283944365,0.6013346639570729
275,,9.824782471261608,SVC_poly,-0.1349058087801075,-2.5179212673708027,1.8325681294901406,0.6002078969767914
168,,9.582992788461539,SVC_poly,1.246619379420225,2.8016826923076934,2.9579326923076934,0.5791640319792892
363,,6.865685096153847,SVC_poly,0.3333508827748677,-0.9519785287289835,1.306592579615263,0.53449732714529
35,,9.092446365593155,SVC_poly,7.868072674523546,2.899684352829958,-8.997037767498067,0.5328307083867234
276,,5.411838942307693,SVC_poly,-0.5084134615384633,2.0709134615384635,2.2271634615384635,0.5308244509630959
178,,8.559675480769231,SVC_poly,1.5540865384615383,-3.981971153846155,2.731971153846155,0.5275785526471479
355,,7.748377403846154,SVC_poly,0.3569363688819578,-0.31145646067857835,1.169508040792661,0.5244454020061791
368,,9.831882292998934,SVC_poly,0.3702877579096126,-1.2248078097548596,1.4921830466611996,0.5235228044309326
43,,6.863521634615385,SVC_poly,2.0925480769230766,-7.751201923076923,6.501201923076923,0.5227560104528443
354,,9.998377403846154,SVC_poly,0.015000004807778411,-0.2562319891638237,0.5070518605599658,0.5217311981353994
202,,7.817608173076923,SVC_poly,-0.16225961538461653,-2.5060096153846168,2.2354067561743847,0.5197336201918605
52,,8.129146634615385,SVC_poly,0.5300480769230769,6.032451923076923,6.188701923076923,0.5174714733903903
203,,9.996115315279859,SVC_poly,0.16969630249714807,1.7247596153846168,1.8810096153846168,0.5160054132254059
208,,9.505108173076923,SVC_poly,-1.4122596153846168,2.9747596153846168,1.2154140882585134,0.5141006574023601
314,,9.987575353241295,SVC_poly,0.7807757743726684,0.64783653846154,0.8226797265924323,0.5074336944252499
17,,,SVC_sigmoid,-3.046875,-1.015625,9.609375,0.4928183257128664
316,,8.708954326923077,SVC_poly,1.2163304997768427,-1.6775816393839484,0.7137754949109153,0.49176050849780095
286,,6.638521634615385,SVC_poly,2.3370540906593176,-1.0572534406501939,1.5125884694801188,0.47187153724059294
72,,8.371454326923077,SVC_poly,1.0685096153846154,5.493990384615385,5.650240384615385,0.4703611114617313
237,,9.537934121598534,SVC_poly,0.714973957251647,-1.5434445580636331,2.0418417659785266,0.4661054394618924
233,,9.286598557692308,SVC_poly,-0.06129807692307687,-2.36658653846154,1.11658653846154,0.44759244481615107
319,,9.401611058220338,SVC_poly,1.7553726403934018,-0.10174049130652929,1.1176735999746414,0.43872642119241867
370,,9.989492263950646,SVC_poly,0.06683794731338738,-0.43132520928063656,1.1515039426092497,0.4350588449939071
277,,9.911838942307693,SVC_poly,0.1925326002607981,-2.5444711538461533,1.9194711538461533,0.40759177610791236
91,,8.61376201923077,SVC_poly,1.6069711538461537,4.955528846153847,5.111778846153847,0.3724512639861522
36,,,SVC_sigmoid,-2.5084134615384617,-1.5540865384615383,9.070913461538462,0.35739300626451254
111,,8.856069711538462,SVC_poly,2.145432692307692,4.417067307692308,4.573317307692308,0.34735407091818804
221,,8.059915865384616,SVC_poly,0.3762019230769219,-1.9675480769230784,1.705865160169898,0.33933977572791446
230,,9.860586634510813,SVC_poly,2.4387019230769234,2.762990780090764,0.6361937322245486,0.33576908526865895
98,,4.215444711538462,SVC_poly,7.721669475274701,-3.6358173076923084,2.3858173076923084,0.3355504234245295
222,,9.753807622972166,SVC_poly,-0.3576906733642017,1.1862980769230784,1.3425480769230784,0.3311826775761896
227,,9.747415865384616,SVC_poly,-0.8737980769230783,2.4362980769230784,1.710169165570788,0.33116900965220786
200,,4.442608173076923,SVC_poly,-2.6622596153846168,4.224759615384617,4.381009615384617,0.3274080835390491
57,,,SVC_linear,,-6.969951923076923,,0.32718478127867023
103,,5.340444711538462,SVC_poly,8.707932692307692,3.4795673076923084,-0.11418269230769196,0.31811090887222415
68,,,SVC_rbf,,7.681490384615385,-0.4939903846153849,0.31480674241443485
153,,,SVC_rbf,,1.7776442307692317,2.9098557692307687,0.28687674089452486
95,,,SVC_rbf,,3.3930288461538467,1.2944711538461537,0.28556661269737915
64,,4.855829326923077,SVC_poly,7.631009615384615,4.556490384615385,0.9627403846153849,0.2809306503164907
114,,9.7293134706443,SVC_poly,8.153773319265039,3.3398253386241508,-8.979207308876886,0.272160354304558
32,,7.886838942307692,SVC_poly,-0.008413461538461564,6.570913461538462,6.727163461538462,0.26804077112393154
184,,9.825300480769231,SVC_poly,0.7081578409586865,2.263221153846155,2.419471153846155,0.25841405441046084
59,,3.730829326923077,SVC_poly,8.390954324642497,-4.712740384615385,3.462740384615385,0.24549510531016144
48,,,SVC_rbf,,8.219951923076923,-1.0324519230769234,0.24296808369082531
79,,3.9731370192307693,SVC_poly,8.039676012710336,-4.174278846153847,2.9242788461538467,0.24014868626240168
171,,9.834037611545318,SVC_poly,6.538388703880424,1.7244407232395358,-7.363822693492271,0.23716271472992068
433,,,SVC_linear,,-2.147011197646884,,0.21302733597602558
61,,,SVC_linear,,6.884877595570076,,0.1921325090231067
84,,5.098137019230769,SVC_poly,8.169471153846153,4.018028846153847,0.4242788461538465,0.18869395725640403
290,,7.763521634615385,SVC_poly,3.3233173076923084,-0.8281249999999986,0.9515080055550962,0.17216323615861492
28,,,SVC_rbf,,8.758413461538462,-1.5709134615384617,0.16148023467087053
189,,9.262800480769231,SVC_poly,-1.950721153846155,3.513221153846155,1.169471153846155,0.1516353848541959
249,,6.15390625,SVC_poly,3.4139771675823942,-2.1341765175732705,1.3391850839034625,0.14430622576768953
39,,3.4885216346153847,SVC_poly,8.504167381306221,-5.251201923076923,4.001201923076923,0.13861498067754757
44,,,SVC_linear,,6.467548076923077,,0.13440647572873732
245,,9.809990272821521,SVC_poly,4.38454255003427,-0.42940543060661784,-5.209976539646117,0.13388218778793934
20,,3.2462139423076923,SVC_poly,8.615610755710081,-5.789663461538462,4.539663461538462,0.13382798249570477
229,,5.911598557692308,SVC_poly,3.9524387060439325,-2.672638056034809,1.8198680033033674,0.09537637399617932
134,,,SVC_rbf,,2.31610576923077,2.3713942307692304,0.09418265571110647
156,,4.942367788461539,SVC_poly,6.106284859890086,-2.0204326923076934,0.8975901932154389,0.09035833464006557
312,,9.913775049831344,SVC_poly,2.2171630780864335,0.32703530116010593,-3.027561042059812,0.08705163936600654
267,,6.396213942307693,SVC_poly,2.875515629120856,-1.5957149791117322,1.8106698282542935,0.08598796455826177
157,,9.628711577001388,SVC_poly,4.592548076923077,4.916836933936917,-1.5176524216216052,0.08131323158988368
27,,,SVC_linear,,-8.758413461538462,,0.07171150127043795
47,,,SVC_linear,,-8.219951923076923,,0.07171150127043795
405,,,SVC_linear,,-2.83633970587227,,0.07092802943240192
166,,9.96426738637693,SVC_poly,6.52485538577874,2.4808814550062595,-7.335253349752119,0.06869341241168021
240,,9.848165409273316,SVC_poly,4.371009231932587,0.32703530116010593,-5.181407195905965,0.06359269187577168
24,,,SVC_linear,,5.929086538461538,,0.05342600418016628
56,,,SVC_sigmoid,-1.9699519230769234,-2.0925480769230766,8.532451923076923,0.04844347966358135
100,,,SVC_linear,,6.0401973545565575,,0.04717715539370524
317,,9.815913164246075,SVC_poly,2.230696396188117,-0.42940543060661773,-3.056130385799964,0.04605512645643528
410,,,SVC_linear,,-3.0860734729154085,,0.0
430,,,SVC_linear,,-2.6010947593635283,,0.0
376,,,SVC_linear,,-3.248971415142531,,0.0
260,,9.605857716965623,SVC_poly,3.8325476934710485,-0.2114262373014325,-4.642945657444427,0.0
383,,,SVC_linear,,-3.24886297379018,,0.0
377,,9.871971502429696,SVC_poly,-0.41410707484753473,-0.8171174968156093,-0.36382269349227214,0.0
422,,,SVC_linear,,-2.21629621182224,,0.0
374,,,SVC_linear,,-4.075977413829973,,0.0
263,,,SVC_linear,,-3.412259615384615,,0.0
256,0.41437500000000016,,NuSVC_sigmoid,-1.6718750000000018,,-1.9218749999999987,0.0
373,,,SVC_linear,,-2.3012048831953287,,0.0
264,,,SVC_linear,,-4.9454433667513955,,0.0
265,,9.87171066051836,SVC_poly,3.846081011572732,-0.9678669690681563,-4.671515001184579,0.0
266,,5.73203125,SVC_poly,1.587740384615385,-2.9667547572153428,-2.890721631015679,0.0
372,,,SVC_linear,,-4.049901772084024,,0.0
269,,8.646213942307693,SVC_poly,0.7610319299565795,-2.923709396816453,-3.5604850361592657,0.0
270,,5.271213942307693,SVC_poly,-1.4459134615384635,-0.9819711538461537,-0.2680288461538465,0.0
367,,8.092367788461539,SVC_poly,0.657197845810571,-0.8692735913358407,1.8368216721330737,0.0
431,,,SVC_linear,,-2.437232509839375,,0.0
252,,5.02890625,SVC_poly,-1.9843750000000018,-0.4435096153846153,-0.8064903846153849,0.0
255,0.4418267155593939,,NuSVC_sigmoid,1.8724580251333691,,-4.0657107649668225,0.0
254,,7.27890625,SVC_poly,4.400240384615385,-0.8281249999999987,1.1260838436056395,0.0
239,,,SVC_linear,,4.259436737699668,,0.0
401,,,SVC_linear,,-3.387462756277764,,0.0
399,,,SVC_linear,,-2.284137619924261,,0.0
398,,,SVC_linear,,-3.012758878753894,,0.0
397,,,SVC_linear,,-2.5147872104395663,,0.0
243,0.3873095362738148,,NuSVC_sigmoid,2.36658653846154,,-3.8862504515258207,0.0
244,,,SVC_linear,,-4.406981828289857,,0.0
406,,,SVC_linear,,-2.1740612025105728,,0.0
246,,5.489723557692308,SVC_poly,2.1262019230769234,-2.7140634062610554,-3.4291831694772172,0.0
391,,,SVC_linear,,-3.237680666180422,,0.0
407,,,SVC_linear,,-2.6992191277188837,,0.0
248,,9.800809913852408,SVC_poly,-2.83533653846154,-2.67908653846154,1.5168056379662231,0.0
389,,,SVC_linear,,-2.7105098766809927,,0.0
388,,,SVC_linear,,-2.297878167410732,,0.0
251,,8.40390625,SVC_poly,0.5156249999999986,-2.567006126465513,-4.098946574620804,0.0
273,0.42028825402093234,,NuSVC_sigmoid,2.1714307954263803,,-4.231704459828223,0.0
386,,,SVC_linear,,-3.9259242947393025,,0.0
272,,7.521213942307693,SVC_poly,3.8617788461538467,-1.366586538461537,0.7920520794311977,0.0
362,,,SVC_linear,,-4.614438952291511,,0.0
365,,9.938543883807972,SVC_poly,0.07685024234196347,-0.27865595835407087,-0.9022842319538106,0.0
325,,,SVC_linear,,0.9466316108449692,,0.0
298,,,SVC_linear,,-4.489182692307692,,0.0
335,,,SVC_linear,,-0.9598026454434412,,0.0
414,,,SVC_linear,,-2.8225991583857994,,0.0
300,,9.942626118492806,SVC_poly,2.7691579346496553,-0.9678669690681562,-3.5945919242615023,0.0
301,,6.216646634615385,SVC_poly,0.5108173076923083,-1.8898316802922661,-1.8137985540926023,0.0
331,,,SVC_linear,,-1.8161057692307687,,0.0
329,,,SVC_linear,,-5.402817568988684,,0.0
328,,,SVC_linear,,-0.5661057692307686,,0.0
327,,,SVC_linear,,-6.618231987046994,,0.0
324,,,SVC_linear,,-3.3786057692307683,,0.0
338,,,SVC_linear,,0.4081700723834307,,0.0
427,,,SVC_linear,,-2.455851746875718,,0.0
306,,9.130829326923077,SVC_poly,1.0226256803762341,-1.8467863198933765,-2.483561959236189,0.0
307,,5.755829326923077,SVC_poly,-0.3689903846153866,0.09495192307692313,0.8088942307692304,0.0
322,,,SVC_linear,,-0.42134110698190275,,0.0
426,,,SVC_linear,,-2.618322580861081,,0.0
415,,,SVC_linear,,-2.849001217816226,,0.0
311,,,SVC_linear,,-7.156693525508532,,0.0
318,,6.458954326923077,SVC_poly,0.2472347122631236,-1.3513701418307278,-1.275337015631064,0.0
313,,,SVC_linear,,-0.02764423076923017,,0.0
336,,,SVC_linear,,-5.207094902747258,,0.0
339,,,SVC_linear,,-3.2260106371484127,,0.0
274,0.42236191512495763,,NuSVC_sigmoid,-1.1334134615384635,,-2.460336538461537,0.0
357,,7.850060096153847,SVC_poly,0.11873630734903257,-0.5436535090560669,1.424955761474699,0.0
364,,7.990685096153847,SVC_poly,-0.15228346498059053,-0.8403048141739936,0.6310465023311226,0.0
315,,,SVC_linear,,-5.02764423076923,,0.0
361,,,SVC_linear,,-2.450294224917961,,0.0
360,,,SVC_linear,,-4.588363310545562,,0.0
278,,9.429159665215959,SVC_poly,3.29408615500951,-0.7498877757629709,-4.104484118982889,0.0
359,,,SVC_linear,,-0.6687530045396461,,0.0
281,,,SVC_linear,,-3.9507211538461533,,0.0
282,,,SVC_linear,,-5.483904905212934,,0.0
283,,9.919608785885853,SVC_poly,3.3076194731111936,-1.5063285075296946,-4.133053462723041,0.0
284,,5.974338942307693,SVC_poly,1.0492788461538467,-2.4282932187538044,-2.3522600925541406,0.0
295,,9.671467357523651,SVC_poly,2.755624616547972,-0.2114262373014325,-3.5660225805213503,0.0
353,,,SVC_linear,,0.4902059684688992,,0.0
349,,,SVC_linear,,-0.1302914660781077,,0.0
288,,8.888521634615385,SVC_poly,0.9981845463881706,-2.385247858354915,-3.0220234976977274,0.0
289,,5.513521634615385,SVC_poly,-0.907451923076925,-0.4435096153846153,0.27043269230769196,0.0
347,,,SVC_linear,,-1.4982641839049795,,0.0
291,0.3987497924824708,,NuSVC_sigmoid,2.7098923338879186,,-3.693242921366685,0.0
346,,,SVC_linear,,-3.8882928692300984,,0.0
344,,,SVC_linear,,-2.354567307692307,,0.0
413,,,SVC_linear,,-2.0798610423995427,,0.0
403,,,SVC_linear,,-2.77461320025456,,0.0
0,,3.00390625,SVC_poly,8.515625,-6.328125,5.078125,0.0
236,0.45245192307692317,,NuSVC_rbf,,,3.1021634615384603,0.0
96,,,SVC_linear,,-5.893028846153847,,0.0
92,0.19112630403259337,,NuSVC_rbf,,,-3.7055288461538467,0.0
90,,,SVC_rbf,,-6.049278846153847,3.343240193161934,0.0
89,,,SVC_linear,,-4.643028846153847,,0.0
88,0.648221153846154,,NuSVC_sigmoid,4.174278846153847,,-2.0757211538461537,0.0
86,0.23927884615384615,6.171255208751805,NuSVC_poly,-4.799278846153847,,7.639162209230502,0.0
82,0.4357211538461538,,NuSVC_sigmoid,-0.5805288461538466,,-3.7752953801382825,0.0
81,,,SVC_linear,,6.367799996404936,,0.0
80,,,SVC_rbf,,-7.611778846153847,6.84093414861181,0.0
78,0.7197596153846155,,NuSVC_sigmoid,-8.306490384615385,,-4.556490384615385,0.0
77,,,SVC_linear,,-6.431490384615385,,0.0
76,,,SVC_sigmoid,-1.431490384615385,-2.631009615384615,7.993990384615385,0.0
74,0.4947596153846155,,NuSVC_rbf,,,-2.993990384615385,0.0
73,0.31774038461538473,4.363641826923077,NuSVC_poly,7.162259615384615,,-1.743990384615385,0.0
71,,,SVC_rbf,,-6.587740384615385,3.775240384615385,0.0
70,0.3697596153846154,,NuSVC_sigmoid,-4.556490384615385,,-5.806490384615385,0.0
69,0.5447596153846155,,NuSVC_rbf,,,-6.743990384615385,0.0
67,,,SVC_linear,,-7.681490384615385,,0.0
93,0.47322115384615393,,NuSVC_rbf,,,-2.4555288461538467,0.0
97,0.698221153846154,,NuSVC_sigmoid,-7.768028846153847,,-4.018028846153847,0.0
65,0.8260096153846155,1.973016826923077,NuSVC_poly,8.099759615384615,,-3.931490384615385,0.0
99,,,SVC_rbf,,-7.073317307692308,6.3024726101502715,0.0
124,0.761394230769231,2.699939903846154,NuSVC_poly,8.638221153846153,,-2.31610576923077,0.0
123,,5.582752403846154,SVC_poly,8.169471153846153,2.94110576923077,0.4242788461538465,0.0
121,0.39904079623844474,,NuSVC_sigmoid,0.4963942307692303,,-2.8001966135411203,0.0
120,,,SVC_linear,,5.501735816095019,,0.0
119,,,SVC_rbf,,-6.53485576923077,5.764011071688733,0.0
118,,4.457752403846154,SVC_poly,7.1832079368131625,-3.09735576923077,1.84735576923077,0.0
117,0.6766826923076925,,NuSVC_sigmoid,-7.229567307692308,,-3.4795673076923084,0.0
116,,,SVC_linear,,-5.354567307692308,,0.0
115,,,SVC_rbf,,2.8545673076923084,1.832932692307692,0.0
235,0.564951923076923,,NuSVC_rbf,,,5.225277752061018,0.0
112,0.17687307401459704,,NuSVC_rbf,,,-3.1670673076923084,0.0
110,,,SVC_rbf,,-5.510817307692308,3.2154063399379047,0.0
109,,,SVC_linear,,-4.104567307692308,,0.0
108,0.6266826923076925,,NuSVC_sigmoid,3.6358173076923084,,-2.614182692307692,0.0
105,0.2608173076923077,6.3120580973163465,NuSVC_poly,-4.260817307692308,,8.173240254547482,0.0
104,0.7829326923076925,2.4576322115384617,NuSVC_poly,9.176682692307692,,-2.8545673076923084,0.0
101,0.4141826923076922,,NuSVC_sigmoid,-0.042067307692308153,,-3.240753425353545,0.0
66,0.5447007211538462,,NuSVC_linear,,,,0.0
62,0.45725961538461535,,NuSVC_sigmoid,-1.118990384615385,,-4.288709709393531,0.0
128,0.605144230769231,,NuSVC_sigmoid,3.09735576923077,,-3.1526442307692304,0.0
25,0.6994747596153846,,NuSVC_linear,,,,0.0
22,0.30033653846153846,,NuSVC_rbf,,,3.7415865384615383,0.0
21,,,SVC_sigmoid,-2.8209134615384617,6.883413461538462,5.008413461538462,0.0
18,0.484375,,NuSVC_sigmoid,7.578125,,1.328125,0.0
15,0.203125,1.94921875,NuSVC_poly,-0.703125,,-2.109375,0.0
14,0.25312500000000004,3.63671875,NuSVC_poly,5.546875,,-3.359375,0.0
13,,7.64453125,SVC_poly,-0.546875,7.109375,7.265625,0.0
12,,,SVC_sigmoid,3.203125,-4.765625,3.359375,0.0
11,0.43437500000000007,,NuSVC_sigmoid,-6.171875,,-7.421875,0.0
10,0.609375,,NuSVC_rbf,,,-8.359375,0.0
9,,,SVC_rbf,,9.296875,-2.109375,0.0
8,,,SVC_linear,,-9.296875,,0.0
7,0.465546875,,NuSVC_linear,,,,0.0
6,0.725859375,,NuSVC_linear,,,,0.0
5,,,SVC_linear,,5.390625,,0.0
4,,,SVC_rbf,,7.734375,-4.296875,0.0
3,0.321875,,NuSVC_rbf,,,3.203125,0.0
2,0.22187500000000002,,NuSVC_sigmoid,4.765625,,9.140625,0.0
23,,,SVC_rbf,,7.195913461538462,-3.7584134615384617,0.0
26,0.4919314903846154,,NuSVC_linear,,,,0.0
60,,,SVC_rbf,,-8.150240384615385,7.379395687073348,0.0
29,0.5878365384615385,,NuSVC_rbf,,,-7.820913461538462,0.0
58,0.741298076923077,,NuSVC_sigmoid,-8.844951923076923,,-5.094951923076923,0.0
54,0.516298076923077,,NuSVC_rbf,,,-3.5324519230769234,0.0
53,0.29620192307692317,4.121334134615385,NuSVC_poly,6.623798076923077,,-2.2824519230769234,0.0
51,,,SVC_rbf,,-7.126201923076923,4.313701923076923,0.0
50,0.39129807692307694,,NuSVC_sigmoid,-5.094951923076923,,-6.344951923076923,0.0
49,0.566298076923077,,NuSVC_rbf,,,-7.282451923076923,0.0
46,0.5183161057692308,,NuSVC_linear,,,,0.0
45,0.6730901442307693,,NuSVC_linear,,,,0.0
42,0.2787980769230769,,NuSVC_rbf,,,4.280048076923077,0.0
41,0.2649519230769231,,NuSVC_sigmoid,3.6887019230769234,,8.063701923076923,0.0
40,,,SVC_rbf,,-8.688701923076923,7.9178572255348865,0.0
38,0.2378365384615385,,NuSVC_rbf,,,-1.5709134615384617,0.0
37,0.46283653846153844,,NuSVC_sigmoid,7.039663461538462,,0.7896634615384616,0.0
34,0.22466346153846153,2.1915264423076923,NuSVC_poly,-0.16466346153846156,,-1.5709134615384617,0.0
33,0.2746634615384616,3.8790264423076923,NuSVC_poly,6.085336538461538,,-2.8209134615384617,0.0
31,,,SVC_sigmoid,2.6646634615384617,-4.487353053346585,3.311902936845374,0.0
30,0.4128365384615385,,NuSVC_sigmoid,-5.633413461538462,,-6.883413461538462,0.0
125,0.28235576923076927,6.069750405008654,NuSVC_poly,-3.72235576923077,,7.634778716085943,0.0
113,0.45168269230769237,,NuSVC_rbf,,,-1.9170673076923084,0.0
180,0.3878365384615385,,NuSVC_rbf,,,1.4867788461538454,0.0
201,,,SVC_linear,,5.336359814622744,,0.0
198,0.40937500000000004,,NuSVC_rbf,,,2.0252403846153837,0.0
197,0.521875,,NuSVC_rbf,,,6.13209773575357,0.0
196,,6.551983173076923,SVC_poly,6.015625,0.7872596153846166,2.397110920372685,0.0
194,,,SVC_linear,,-6.00210821405877,,0.0
193,,7.676983173076923,SVC_poly,-1.0997596153846168,-0.9516215110808979,-5.714331190005419,0.0
192,,9.942295315464646,SVC_poly,3.515625,3.8399138570138405,-0.4407293446985283,0.0
191,,5.426983173076923,SVC_poly,5.029361782967009,-2.1309346898794304,1.7977076078492904,0.0
190,,,SVC_linear,,4.606971153846155,,0.0
188,,4.762800480769231,SVC_poly,3.7415865384615383,-1.1021634615384617,-5.044567784861832,0.0
187,,9.783545703887073,SVC_poly,5.999927165418885,1.1859791847779975,-6.825361155030732,0.0
186,0.49052884615384634,,NuSVC_sigmoid,-2.575721153846155,,1.481971153846155,0.0
185,0.4405288461538463,,NuSVC_sigmoid,3.981971153846155,,-3.700837495269144,0.0
183,,7.575300480769231,SVC_poly,-0.700721153846155,-3.044471153846155,1.7271634615384617,0.0
182,,,SVC_linear,,5.8748213530842825,,0.0
179,,6.309675480769231,SVC_poly,6.554086538461538,1.325721153846155,2.0396634615384617,0.0
177,,,SVC_linear,,-5.463646675597231,,0.0
176,,7.434675480769231,SVC_poly,-1.638221153846155,-0.41315997261935944,-6.252792728466957,0.0
175,,9.87101926930908,SVC_poly,4.054086538461538,4.378375395475379,-0.9791908831600667,0.0
174,,5.184675480769231,SVC_poly,5.5678233214285475,-1.7151152589377034,1.2592460693877519,0.0
199,,9.9971821021302,SVC_poly,-0.3100042152415341,-2.568077773556717,0.9649186890554498,0.0
204,0.41899038461538474,,NuSVC_sigmoid,3.4435096153846168,,-4.059098050900442,0.0
170,0.5120673076923079,,NuSVC_sigmoid,-3.1141826923076934,,2.0204326923076934,0.0
205,0.4689903846153848,,NuSVC_sigmoid,-2.0372596153846168,,0.9435096153846166,0.0
234,,7.036598557692308,SVC_poly,4.938701923076923,-0.28966346153846023,1.6645453820671778,0.0
232,,,SVC_linear,,-6.33290985293533,,0.0
231,,8.161598557692308,SVC_poly,-0.02283653846153988,-2.0285445880039745,-4.637408113082342,0.0
228,,9.558502221544716,SVC_poly,-3.3737980769230784,-3.2175480769230784,2.0552671764277615,0.0
226,,5.247415865384616,SVC_poly,2.6646634615384617,-2.1790865384615383,-3.9676447079387556,0.0
225,,9.746199563392064,SVC_poly,4.923004088495809,0.10905610785492059,-5.748438078107656,0.0
224,,,SVC_linear,,-3.868520289828319,,0.0
223,0.3974519230769232,,NuSVC_sigmoid,2.9050480769230784,,-4.046936675462361,0.0
220,,,SVC_linear,,4.797898276161206,,0.0
1,,,SVC_sigmoid,-3.359375,7.421875,5.546875,0.0
216,0.5434134615384615,,NuSVC_rbf,,,5.593636197292032,0.0
215,,6.794290865384616,SVC_poly,5.477163461538462,0.2487980769230782,2.203006920528716,0.0
213,,,SVC_linear,,-6.540569752520308,,0.0
212,,7.919290865384616,SVC_poly,-0.5612980769230783,-1.4900830495424362,-5.175869651543881,0.0
211,,9.962082528823874,SVC_poly,2.9771634615384617,3.301452318552302,0.09773219376301012,0.0
210,,5.669290865384616,SVC_poly,4.490900244505471,-2.5740544537998886,2.2870301120378604,0.0
209,,,SVC_linear,,4.068509615384617,,0.0
207,,5.005108173076923,SVC_poly,3.203125,-1.640625,-4.506106246400294,0.0
206,,9.713466338208224,SVC_poly,5.461465626957347,0.647517646316459,-6.286899616569194,0.0
172,,,SVC_rbf,,1.2391826923076934,3.448317307692307,0.0
217,0.4309134615384616,,NuSVC_rbf,,,2.563701923076922,0.0
150,0.2199499970915201,,NuSVC_rbf,,,-2.0901442307692317,0.0
163,0.3662980769230769,,NuSVC_rbf,,,0.948317307692307,0.0
146,0.5836057692307695,,NuSVC_sigmoid,2.5588942307692317,,-3.6911057692307687,0.0
147,,,SVC_linear,,-5.181490384615385,,0.0
148,,7.090685096153846,SVC_poly,-1.7776442307692317,-4.121394230769232,0.6502403846153849,0.0
144,0.30389423076923083,5.827442712700962,NuSVC_poly,-3.1838942307692317,,7.096317177624405,0.0
151,0.5336057692307694,,NuSVC_sigmoid,-3.6526442307692317,,2.5588942307692317,0.0
142,,5.825060096153846,SVC_poly,7.631009615384615,2.4026442307692317,0.9627403846153849,0.0
155,,,SVC_linear,,5.683894230769232,,0.0
158,,7.192367788461539,SVC_poly,-2.1766826923076934,0.125301565842179,-6.791254266928496,0.0
159,,,SVC_linear,,-5.433310123778327,,0.0
140,0.3887507253077539,,NuSVC_sigmoid,1.0348557692307687,,-2.5528600731176314,0.0
139,,,SVC_linear,,4.963274277633481,,0.0
161,,6.067367788461539,SVC_poly,7.092548076923077,1.8641826923076934,1.5012019230769234,0.0
129,,6.848377403846154,SVC_poly,-2.31610576923077,-4.65985576923077,0.11177884615384648,0.0
138,,9.386403884693696,SVC_poly,5.131009615384615,5.4552984723984554,-2.0561139600831435,0.0
131,0.19841153555305857,,NuSVC_rbf,,,-2.62860576923077,0.0
137,,4.700060096153846,SVC_poly,6.644746398351624,-2.5588942307692317,1.3088942307692317,0.0
136,,,SVC_linear,,6.22235576923077,,0.0
167,,7.332992788461539,SVC_poly,-1.2391826923076934,-3.5829326923076934,1.1887019230769234,0.0
169,0.46206730769230786,,NuSVC_sigmoid,4.520432692307693,,-3.1623759568076055,0.0
132,0.5551442307692309,,NuSVC_sigmoid,-4.19110576923077,,3.09735576923077,0.0
424,,9.061598557692308,SVC_poly,-0.5268300612397169,-0.21613761714707697,0.3788059381699522,-1.7976931348623157e+308
19,0.259375,,NuSVC_rbf,,,-2.109375,-1.7976931348623157e+308
326,0.35979962487818357,,NuSVC_sigmoid,0.48197115384615186,,-2.9987980769230753,-1.7976931348623157e+308
409,,,SVC_linear,,-2.931490384615382,,-1.7976931348623157e+308
411,,,SVC_linear,,-3.0760711036721586,,-1.7976931348623157e+308
143,0.7398557692307695,2.9422475961538463,NuSVC_poly,8.099759615384615,,-1.7776442307692317,-1.7976931348623157e+308
429,,9.783233798508974,SVC_poly,0.2990404002230589,-0.0989065955726749,0.5217291793616166,-1.7976931348623157e+308
337,,,SVC_linear,,-3.2452137328190473,,-1.7976931348623157e+308
310,0.3792849920480345,,NuSVC_sigmoid,-0.05649038461538658,,-3.5372596153846136,-1.7976931348623157e+308
423,,,SVC_linear,,-2.1611543727088933,,-1.7976931348623157e+308
417,,,SVC_linear,,-2.2714754910926755,,-1.7976931348623157e+308
334,,,SVC_linear,,-4.426754407691637,,-1.7976931348623157e+308
333,,9.90421518052889,SVC_poly,-0.14302884615384825,0.013221153846151745,1.552147197458056,-1.7976931348623157e+308
341,,9.839709678026969,SVC_poly,0.6541165942127656,-0.3906249999999998,0.7319792454602,-1.7976931348623157e+308
218,,9.754874409822508,SVC_poly,0.21974007712018695,-2.0296162350951787,1.5033802275169883,-1.7976931348623157e+308
425,,9.691446522517298,SVC_poly,0.6490785799435866,-0.822805639897801,1.0432787773396202,-1.7976931348623157e+308
340,,,SVC_linear,,-6.079770448585456,,-1.7976931348623157e+308
366,,7.428185096153847,SVC_poly,0.377809629230386,-0.33086177052822313,0.8785091382150898,-1.7976931348623157e+308
259,,9.66953125,SVC_poly,0.7309941387223365,-2.006009615384615,1.381009615384615,-1.7976931348623157e+308
162,0.4787980769230769,,NuSVC_rbf,,,6.049278846153847,-1.7976931348623157e+308
173,,9.020492788461539,SVC_poly,-2.4891826923076934,4.051682692307693,1.7079326923076934,-1.7976931348623157e+308
371,,9.217367788461539,SVC_poly,0.0925480769230782,-0.8152314365106584,1.1396606007961032,-1.7976931348623157e+308
292,0.40082345358649607,,NuSVC_sigmoid,-0.594951923076925,,-2.9987980769230753,-1.7976931348623157e+308
85,0.804471153846154,2.2153245192307693,NuSVC_poly,8.638221153846153,,-3.3930288461538467,-1.7976931348623157e+308
285,,9.852258468307582,SVC_poly,0.741586538461537,0.8209134615384633,1.1240010407778516,-1.7976931348623157e+308
165,,,SVC_linear,,6.413282891545821,,-1.7976931348623157e+308
323,,,SVC_linear,,-5.745556441208796,,-1.7976931348623157e+308
379,,,SVC_linear,,-1.8545673076923053,,-1.7976931348623157e+308
181,,4.200300480769231,SVC_poly,-3.200721153846155,4.763221153846155,4.919471153846155,-1.7976931348623157e+308
382,,7.209675480769231,SVC_poly,0.3484381123388496,0.20519080874094314,1.2470498903211702,-1.7976931348623157e+308
279,,8.786838942307693,SVC_poly,0.09539263475822024,-1.9643680510483539,1.1769433970160579,-1.7976931348623157e+308
385,,9.600300480769231,SVC_poly,-0.11449143465285383,-0.29394325585084446,1.2271634615384603,-1.7976931348623157e+308
345,,,SVC_linear,,-5.329200279644429,,-1.7976931348623157e+308
358,,6.725060096153847,SVC_poly,1.0566761124666668,-0.79519313160357,0.17012681339809332,-1.7976931348623157e+308
356,,7.185877403846154,SVC_poly,0.8457163799859835,0.2075997679333153,0.34004759975355137,-1.7976931348623157e+308
352,,6.623377403846154,SVC_poly,0.8718124212364061,-0.6213942307692286,1.082105271074575,-1.7976931348623157e+308
393,,,SVC_linear,,-2.3930288461538436,,-1.7976931348623157e+308
394,,,SVC_linear,,-2.54761193445387,,-1.7976931348623157e+308
351,,,SVC_linear,,-5.15290049075305,,-1.7976931348623157e+308
350,,,SVC_linear,,-2.826657838298828,,-1.7976931348623157e+308
195,,8.801983173076923,SVC_poly,1.015625,-3.4435096153846168,2.1935096153846168,-1.7976931348623157e+308
348,,6.482752403846154,SVC_poly,1.0689826640087197,-0.8307775888640618,0.6926875807973222,-1.7976931348623157e+308
303,,9.870123923002554,SVC_poly,-1.2199519230769251,-1.0637019230769251,1.4562502257774874,-1.7976931348623157e+308
369,,6.967367788461539,SVC_poly,0.8667491425580885,-0.25673159314203153,0.7085883518596318,-1.7976931348623157e+308
320,,9.680220798442733,SVC_poly,-0.6814903846153867,-0.5252403846153867,1.5202469482778413,-1.7976931348623157e+308
