,C,n,coef0,logGamma,kernel,degree,value
519,-0.3044570273450813,,,-4.045138251369598,SVC_rbf,,0.5590409190255526
512,-0.4651498897833275,,-4.133247377258946,-4.904023003664743,SVC_poly,8.847257326543305,0.5518188475546666
511,-1.8250811795399713,,-3.319629605425736,-5.238352625473075,SVC_poly,9.147855100010895,0.5442285716241377
516,-0.04946637773768081,,,-4.011538401768535,SVC_rbf,,0.5355151027412552
496,-0.32931189072002975,,,-4.477904311277817,SVC_rbf,,0.49863427171756064
517,-0.5078221020224664,,,-5.923078616403253,SVC_rbf,,0.48707849488994065
515,2.405232072865191,,-2.7991665505141845,-2.5110050549271814,SVC_sigmoid,,0.47065580101475596
499,-0.8429185658066197,,,-4.583599789831136,SVC_rbf,,0.4494261636019122
505,-0.2772326830534684,,,-4.679899882826511,SVC_rbf,,0.44735790580157675
504,-0.13891777522723436,,,-5.015286241954724,SVC_rbf,,0.4444449578653826
501,-0.5579841258181413,,,-4.658471975785588,SVC_rbf,,0.4052536756636426
502,-0.004464156952199261,,,-4.029642648474149,SVC_rbf,,0.3983697743830414
498,1.6755742293311113,,-3.516455435053798,-1.0601400724778096,SVC_sigmoid,,0.39012658221629637
500,2.2044633751322404,,-2.723780417969473,-0.9984202327415591,SVC_sigmoid,,0.37986736969819646
497,1.2185102796347163,,-3.20846842249951,-0.8524752492018638,SVC_sigmoid,,0.3765067569249415
476,1.7806173171538198,,-2.9027634752689715,-0.8431477216500363,SVC_sigmoid,,0.3724519425069489
514,2.0736062689498436,,-2.0870521541452742,-1.0756532321467045,SVC_sigmoid,,0.3720480754361848
507,1.9290427173870777,,-2.4505023053345543,-0.9022831232611076,SVC_sigmoid,,0.3681662233960815
503,2.413232162188171,,-2.6012373656282044,-0.5575407697790141,SVC_sigmoid,,0.36128642099196756
518,1.3140174051530837,,-2.9779938965922597,-0.5216785340162712,SVC_sigmoid,,0.35996670432255246
478,2.1010544569450103,,-4.054916973515336,-1.598601610939348,SVC_sigmoid,,0.3597823483063468
506,2.031042184665611,,-2.8590891493856763,-0.428735221061014,SVC_sigmoid,,0.35952232605852213
477,1.5199777512691184,,-3.636705846363152,-1.3909367876634022,SVC_sigmoid,,0.35609529953940455
510,2.328421127579056,,-2.2955628449557297,-0.28032155047266527,SVC_sigmoid,,0.3524136109682243
508,1.658494135284656,,-2.274200419139786,-0.17168896565144354,SVC_sigmoid,,0.350523503678413
513,-1.2137528714968329,,,-4.656616278398038,SVC_rbf,,0.3351217829724975
17,1.9140625,,-3.5546875,-1.6796875,SVC_sigmoid,,0.3116636304535132
487,1.5859527924282832,,-2.9889638437960926,-1.440744661722646,SVC_sigmoid,,0.2614288405342594
486,2.3833493477973935,,-3.3975506878472146,-0.9671967595225525,SVC_sigmoid,,0.2314146492126088
480,1.6660018366707021,,-3.2622419564310112,-1.5368817712030975,SVC_sigmoid,,0.22674799249055946
485,2.0747632939255616,,-2.5545926976692455,-1.2046249664107989,SVC_sigmoid,,0.15513768048545312
481,1.6894204812016431,,-3.48271226226521,-1.0427214513038572,SVC_sigmoid,,0.15270783627086337
483,2.1230066403078243,,-3.1396989040897427,-1.0960023082405526,SVC_sigmoid,,0.14992790896324615
489,1.9950233065660348,,-3.0065112500135376,-1.3130018807314516,SVC_sigmoid,,0.12839476677593087
493,1.886996910456236,,-3.3082046161731835,-1.1834731701172139,SVC_sigmoid,,0.12471218866737177
490,2.0897044604878854,,-2.834024383417268,-0.8187830889342037,SVC_sigmoid,,0.1172021363716936
488,1.1200325968231177,,-2.8126619576013243,-0.710150504112982,SVC_sigmoid,,0.11467499186294128
18,3.1640625,,-9.1015625,-1.2109375,SVC_poly,2.107421875,0.10395119609046663
446,2.1977163461538436,,-4.2137873980631,-1.5390671563313587,SVC_sigmoid,,0.08217433069936841
509,-0.4478586654960477,,,-5.33987774650705,SVC_rbf,,0.06346712272401239
479,-1.3813801042681582,,,-5.122061328292674,SVC_rbf,,0.054818866938840215
465,2.1326127633449286,,-3.0615557357837706,-1.7430865048723372,SVC_sigmoid,,0.048737865021101626
445,1.7340489578502205,,-3.4796960050812933,-2.2815480433338755,SVC_sigmoid,,0.04734966929324852
443,-0.38316219901368753,,,-4.307091346153844,SVC_rbf,,0.04732851506701328
447,1.564173099360902,,-3.8638684179016325,-2.1381386225180723,SVC_sigmoid,,0.0456383297631668
456,1.4093904996945597,,-3.2642459535986372,-1.159834127384498,SVC_sigmoid,,0.045494933390950655
441,2.181619785378756,,-3.944027500809269,-1.905145256319531,SVC_sigmoid,,0.045336894382666935
442,2.5292483366970706,,-3.128318545256404,-2.090807762111376,SVC_sigmoid,,0.044849572017616544
466,2.5602326425041397,,-3.936012226308753,-1.505658297984091,SVC_sigmoid,,0.043437719572607836
440,1.1824736994063227,,-4.082311011882632,-1.5368817712030975,SVC_sigmoid,,0.042983775286534784
37,2.3359180633925223,,-3.3613608829411508,-1.6382313611772714,SVC_sigmoid,,0.0378969351905151
334,1.841904477871887,,-3.1987346623493345,-2.6688336165762583,SVC_sigmoid,,0.0
335,-1.7578687715281018,,-0.21694711538461353,-2.3263221153846136,SVC_poly,7.109344951923077,0.0
333,1.689323945439733,,-3.9204621658171694,-1.9223220303107094,SVC_sigmoid,,0.0
332,,0.5571513565243137,-1.1363547595069186,-8.877530524929943,NuSVC_sigmoid,,0.0
331,,0.7304209584832858,-0.7610565683959982,-5.138822115384614,NuSVC_sigmoid,,0.0
330,1.7037458204529463,,-2.812882409265834,-0.6075721153846135,SVC_sigmoid,,0.0
268,2.7265625000000018,,-3.9175527855964534,-1.0234374999999987,SVC_poly,8.955998984034476,0.0
329,1.4669471153846136,,-4.075692616006022,-1.7354911533877035,SVC_sigmoid,,0.0
337,1.3607944392750604,,-3.7093233012853712,-2.300632886873107,SVC_sigmoid,,0.0
328,1.1111778846153868,,-4.13414189818676,-2.6388221153846136,SVC_poly,8.783734510639478,0.0
327,-0.6856971153846136,,,-4.632140407320873,SVC_rbf,,0.0
326,-1.0330528846153868,,-3.6692875594185783,-1.2466500499923951,SVC_sigmoid,,0.0
325,1.7172668968407656,,-2.9119188280812605,-2.2651677158066725,SVC_sigmoid,,0.0
324,-0.1616357784906619,,,,SVC_linear,,0.0
323,-1.525088662577327,,-2.9799846986852003,-5.00262311846811,SVC_poly,7.531219951923077,0.0
322,1.3631082795321552,,-3.465372310320577,-2.0201637190535715,SVC_sigmoid,,0.0
321,2.362429271158294,,-3.7427148368793235,-1.5733323591651138,SVC_sigmoid,,0.0
320,1.806091728036027,,-1.2325721153846136,-1.8575721153846136,SVC_sigmoid,,0.0
319,0.5661055873862111,,,,SVC_linear,,0.0
318,1.390389220804444,,-3.186125829295451,-1.499244564880637,SVC_sigmoid,,0.0
317,1.8330683319550922,,-3.4860817417502172,-1.8693134684068144,SVC_sigmoid,,0.0
336,0.2518028846153866,,,-3.8888221153846136,SVC_rbf,,0.0
340,2.3445532664975652,,-1.771033653846152,-2.311501983221267,SVC_sigmoid,,0.0
338,1.8284209849461264,,-3.599719412452057,-1.3538496575045658,SVC_sigmoid,,0.0
353,2.2277854839012714,,-3.382000627355631,-2.2421943786780334,SVC_sigmoid,,0.0
365,2.5331862384354396,,-3.0708752728223403,-1.1949374652081137,SVC_sigmoid,,0.0
364,-2.4074247900640744,,-3.7659323244567435,-1.2157451923076903,SVC_poly,6.328335336538462,0.0
363,-2.002752031507767,,-4.056907775608277,-6.0795461953911865,SVC_poly,8.015835336538462,0.0
362,0.49194192839651407,,-4.0911688963436905,-1.7083730878197447,SVC_sigmoid,,0.0
361,1.5922947969873733,,-3.668040214359392,-1.4799328492294197,SVC_sigmoid,,0.0
360,2.6058207419967534,,-2.3094951923076903,-2.125589682251448,SVC_sigmoid,,0.0
359,-1.8172222017916444,,-4.550850333965798,-0.36478365384615186,SVC_poly,8.92054828108241,0.0
358,2.3513568049141633,,-3.966690225403975,-1.6746329055689348,SVC_sigmoid,,0.0
357,1.8826174159932225,,-3.7331042747190595,-1.7621713484115689,SVC_sigmoid,,0.0
356,1.067908653846152,,-2.708533653846152,-0.833533653846152,SVC_sigmoid,,0.0
355,-0.6970869493949372,,,-5.7109229006007824,SVC_rbf,,0.0
354,1.5204268849568692,,-3.0885814672269367,-2.4864127281612642,SVC_sigmoid,,0.0
352,-0.052202093804451344,,,,SVC_linear,,0.0
339,1.0794090991866603,,,,SVC_linear,,0.0
351,0.029972526127346133,,,,SVC_linear,,0.0
350,1.5348051958582833,,-3.3513439477273725,-1.146033653846152,SVC_sigmoid,,0.0
349,2.005408653846152,,-4.128615412222258,-2.2504015764261136,SVC_sigmoid,,0.0
348,-0.5242959286980768,,,-5.54178950186256,SVC_rbf,,0.0
347,1.610960554625041,,-3.4169951852331066,-1.2013815119047435,SVC_sigmoid,,0.0
346,-0.49459134615384837,,-3.2366403419728114,-1.4930764161065995,SVC_sigmoid,,0.0
345,2.1275897096979963,,-2.9261941983247457,-1.733399003669652,SVC_sigmoid,,0.0
344,-1.927283653846152,,-4.304393862918282,-0.677283653846152,SVC_poly,6.08602764423077,0.0
343,-1.5567374974361106,,-3.5184462371467387,-5.541084656929648,SVC_poly,7.77352764423077,0.0
342,0.8551060420302155,,-4.003833848782116,-2.2081770107607386,SVC_sigmoid,,0.0
341,1.9828246793450732,,-4.0035229275638375,-1.3627586163930145,SVC_sigmoid,,0.0
315,-1.3274779768980896,,0.3215144230769249,-1.7878605769230753,SVC_poly,6.867037259615385,0.0
316,0.790264423076925,,,-3.3503605769230753,SVC_rbf,,0.0
309,0.9284855769230753,,-3.5740795133994334,-1.1970296149261652,SVC_sigmoid,,0.0
314,2.2235472875529356,,-3.737196200810873,-2.2271455784440617,SVC_sigmoid,,0.0
276,1.8671875000000018,,,-2.2734374999999987,SVC_rbf,,0.0
286,-2.1099759615384635,,-3.905649038461537,-1.9537259615384635,SVC_sigmoid,,0.0
285,2.04914677652875,,-3.717726441479128,-1.6432352979094524,SVC_sigmoid,,0.0
284,0.915287298432415,,,,SVC_linear,,0.0
283,-0.1895859846486475,,,,SVC_linear,,0.0
282,2.408107826989966,,-3.5882808680691296,-1.4632653470858514,SVC_sigmoid,,0.0
281,1.640024038461537,,-2.665791759956247,-2.305250018754893,SVC_sigmoid,,0.0
280,-1.613603744196197,,,-5.862679802744748,SVC_rbf,,0.0
279,-0.3008541977384076,,,,SVC_linear,,0.0
278,2.4673122977275206,,-3.0545543422836703,-1.8753632104360949,SVC_sigmoid,,0.0
277,2.741921427444428,,-3.188897764841522,-1.3668798117517988,SVC_sigmoid,,0.0
275,-2.3359375000000018,,1.3984375000000018,-0.7109374999999987,SVC_poly,6.382421875,0.0
288,2.1881009615384635,,-4.345562964828891,-1.561899038461537,SVC_poly,8.761309300871885,0.0
274,1.8108700587029367,,-4.066686335439142,-1.1796874999999987,SVC_sigmoid,,0.0
273,2.4140625000000018,,-3.0546874999999987,-1.5476030045675224,SVC_sigmoid,,0.0
272,,0.4925359719089291,-0.24218749999999856,-7.585937499999998,NuSVC_sigmoid,,0.0
271,,0.7065624999999999,-0.5415793319779684,-3.5234374999999987,NuSVC_sigmoid,,0.0
270,1.8678322026582699,,-4.067531367811583,1.0078125000000018,SVC_sigmoid,,0.0
264,0.681874518123519,,,,SVC_linear,,0.0
265,2.3515624999999987,,-4.256187979940666,-1.2040143244239583,SVC_sigmoid,,0.0
266,-2.6484375000000018,,-3.3671874999999987,-2.4921875000000018,SVC_sigmoid,,0.0
267,0.9296875000000017,,,-5.710937499999999,SVC_rbf,,0.0
269,-0.14843750000000155,,-3.0067673928561356,-1.9977024628394746,SVC_sigmoid,,0.0
287,0.39122596153846323,,,-5.541056698178897,SVC_rbf,,0.0
289,0.3900240384615369,,-3.035617974937895,-1.4592409243779363,SVC_sigmoid,,0.0
313,1.3716612276047881,,-4.069219109457439,-1.383860491849171,SVC_sigmoid,,0.0
301,2.1784855769230753,,-3.204253298417785,-1.9958335449402884,SVC_sigmoid,,0.0
312,,0.5356128949858522,-1.29245013669562,-8.659703397823316,NuSVC_sigmoid,,0.0
311,,0.7385046912885977,-1.2266658804291,-4.600360576923076,NuSVC_sigmoid,,0.0
310,2.092241193298864,,-3.0679239518183934,-0.0691105769230751,SVC_sigmoid,,0.0
308,1.6496394230769251,,-4.390758944097222,-2.1003605769230753,SVC_poly,8.66340862409818,0.0
307,-0.1472355769230752,,,-5.002595159717359,SVC_rbf,,0.0
306,-1.5715144230769251,,-3.987939065428514,-1.4152644230769251,SVC_sigmoid,,0.0
305,1.6651031732063584,,-3.1792649030175895,-2.105561453468441,SVC_sigmoid,,0.0
304,0.37682575997087653,,,,SVC_linear,,0.0
303,-2.0215244471643996,,-3.354274230125763,-5.356518762543216,SVC_poly,7.288912259615385,0.0
302,1.8834345859199777,,-3.0498193296075913,-1.8156418860893904,SVC_sigmoid,,0.0
300,1.2676301895744886,,-0.6941105769230753,-1.3191105769230753,SVC_sigmoid,,0.0
290,2.12890110028545,,-3.5849415973025875,0.46935096153846334,SVC_sigmoid,,0.0
299,0.02764404892467265,,,,SVC_linear,,0.0
298,1.9288507592659823,,-2.803489013050845,-1.9706895070543042,SVC_sigmoid,,0.0
297,2.3715298704166305,,-3.3116584163901672,-1.4176208908293746,SVC_sigmoid,,0.0
296,1.3287259615384635,,,-2.811899038461537,SVC_rbf,,0.0
295,-1.7974759615384635,,0.8599759615384633,-1.249399038461537,SVC_poly,6.624729567307693,0.0
367,1.6574864288728723,,-3.1138289669588204,-0.9733023735430699,SVC_sigmoid,,0.0
294,2.349331597164475,,-4.27095461221377,-1.718149038461537,SVC_sigmoid,,0.0
293,1.8756009615384635,,-3.593149038461537,-1.0479602898378289,SVC_sigmoid,,0.0
292,,0.5140744334473907,-0.780649038461537,-8.124399038461537,NuSVC_sigmoid,,0.0
291,,0.7281009615384614,-1.0704750759276904,-4.061899038461537,NuSVC_sigmoid,,0.0
366,0.04387019230769007,,-2.937953292304183,-1.8745515428667858,SVC_sigmoid,,0.0
393,2.0408019949775396,,-3.2824236420361457,-1.1652713017549567,SVC_sigmoid,,0.0
368,-1.0048465750965296,,,-5.34013888371992,SVC_rbf,,0.0
421,2.1337668021480325,,-3.4055659623477306,-1.880431324027652,SVC_sigmoid,,0.0
452,-1.8442827363780725,,-4.4204977579308595,-6.428362159857568,SVC_poly,8.953260525075383,0.0
451,-1.5615537963866868,,-4.044476275679449,-6.466275877037943,SVC_poly,9.043349151490228,0.0
450,1.4929248618363784,,-3.9109474603403447,-1.7289056982792455,SVC_sigmoid,,0.0
449,1.5922396065312827,,-4.083434326936614,-1.3683516545013767,SVC_sigmoid,,0.0
448,2.0584616383387564,,-3.734139909030417,-1.7870735810360587,SVC_sigmoid,,0.0
444,-0.8919023080677569,,,-5.248588882882009,SVC_rbf,,0.0
439,-1.4508806369574097,,-4.269875519276234,-2.5186298076923053,SVC_poly,8.71766546149833,0.0
438,1.8945096924296285,,-3.0999709857458195,-2.6755246878624246,SVC_sigmoid,,0.0
437,2.596900828192195,,-3.4574343877404377,-1.9933885629601638,SVC_sigmoid,,0.0
436,1.947852038156098,,-3.8027074920601756,-1.5598850013661227,SVC_sigmoid,,0.0
435,-2.1474334932083288,,,-4.942152861333117,SVC_rbf,,0.0
434,2.1464232766788935,,-3.434395391724636,-1.217525309902694,SVC_sigmoid,,0.0
433,1.8011447358766937,,-4.169597285104594,-1.8177571880959422,SVC_sigmoid,,0.0
432,0.2708910234608344,,,,SVC_linear,,0.0
431,-1.1428384365199986,,-4.250116044236437,-6.569770317882502,SVC_poly,8.881378053930915,0.0
430,1.7731645829939255,,-4.449408998801883,-2.051106617615911,SVC_sigmoid,,0.0
429,1.4554991667806394,,-3.854561076182789,-1.0179217877403837,SVC_sigmoid,,0.0
428,2.5969231768002947,,-4.046669892599797,-2.325535119497597,SVC_sigmoid,,0.0
427,1.8659044971876502,,-4.036263712144342,-1.9592708964848007,SVC_sigmoid,,0.0
426,1.6592548076923053,,-4.042404075597093,-1.8392200372054897,SVC_sigmoid,,0.0
425,1.532235417096,,-4.018157543542832,-2.021300297773419,SVC_sigmoid,,0.0
424,-1.4303638465292954,,,-5.089872489030453,SVC_rbf,,0.0
423,-0.8267783340118474,,,-3.7686298076923053,SVC_rbf,,0.0
453,1.8687179498453255,,-4.38512769309626,-2.19328708277534,SVC_sigmoid,,0.0
454,1.6079617382173552,,-3.1895980824763894,-1.6958324979839003,SVC_sigmoid,,0.0
455,1.761993295578575,,-2.9008413461538436,-2.2126236547456313,SVC_sigmoid,,0.0
471,-2.100015334848225,,-3.9017921691155775,-6.315275702396152,SVC_poly,8.990155413125503,0.0
495,2.551701205538098,,-3.337628088975723,-3.0494665933887197,SVC_sigmoid,,0.0
494,1.8124461058471462,,-2.6255136926068126,-1.6141147706082428,SVC_sigmoid,,0.0
492,-0.7673596594549957,,-4.6122084626236814,-5.442484542126281,SVC_poly,8.892798308333756,0.0
491,-2.3635427180015096,,-3.592600544545557,-5.776814163934613,SVC_poly,8.905547407703203,0.0
484,-0.24068255361972724,,,-5.553747780416263,SVC_rbf,,0.0
482,-0.3010207131343172,,,-4.568104186935687,SVC_rbf,,0.0
475,2.3004548340401136,,-3.439302884615382,-2.6749531525590813,SVC_sigmoid,,0.0
474,1.607513065271505,,-3.128684842091984,-2.152576309069781,SVC_sigmoid,,0.0
473,2.0017865302473354,,-3.846666154634722,-1.7219347085787524,SVC_sigmoid,,0.0
472,-1.3058211979165342,,-4.62297777252607,-5.980946080587819,SVC_poly,9.022458289840653,0.0
470,1.9488946142924297,,-3.3724859218788064,-1.3572446273957421,SVC_sigmoid,,0.0
457,2.0584392897306567,,-3.5280577039720837,-1.8536480642452189,SVC_sigmoid,,0.0
469,1.8541193799939943,,-3.544972788475076,-1.85146341919299,SVC_sigmoid,,0.0
468,1.520000099877218,,-3.3511234960628626,-1.2486120425745204,SVC_sigmoid,,0.0
467,1.4243847032644508,,-3.527425382257631,-1.8617294844230687,SVC_sigmoid,,0.0
464,-0.47809756336088316,,,-5.408833825923912,SVC_rbf,,0.0
463,-0.21024960662004327,,,-4.845552884615382,SVC_rbf,,0.0
462,2.8346795407710434,,-3.4282564380880576,-1.980216042718293,SVC_sigmoid,,0.0
461,2.0017494549021038,,-4.021173800726748,-1.5811829897653955,SVC_sigmoid,,0.0
460,1.1275402982091638,,-3.8007034948925495,-2.075343309664636,SVC_sigmoid,,0.0
459,-0.8429185658066196,,,-5.660522866754213,SVC_rbf,,0.0
458,2.432971230891167,,-3.638432524207358,-2.1370631494008863,SVC_sigmoid,,0.0
422,2.069800748688079,,-2.944355030587208,-1.5523462236498378,SVC_sigmoid,,0.0
420,1.3223728187560186,,-3.9248798076923053,-0.9984202327415591,SVC_sigmoid,,0.0
369,2.5147498957927255,,-3.6123175077407055,-1.793771630644923,SVC_sigmoid,,0.0
419,-1.9893421754189482,,-3.9360626532204526,-1.980168269230767,SVC_poly,8.488726969666772,0.0
392,0.33482275857099497,,,,SVC_linear,,0.0
391,-0.2793060240153845,,,,SVC_linear,,0.0
390,2.5496020984323193,,-4.110768540262227,-2.2170824694190348,SVC_sigmoid,,0.0
389,2.3497882591543036,,-3.073855969279167,-1.2553100921833846,SVC_sigmoid,,0.0
388,-1.4924532147982181,,,-5.092088192542893,SVC_rbf,,0.0
387,2.0960534444776706,,-3.2740584162236734,-0.9181355505446688,SVC_sigmoid,,0.0
386,0.5823317307692285,,-2.9654809986740163,-1.9189129161645013,SVC_sigmoid,,0.0
385,2.221253158240036,,-3.395782025120339,-0.9443772208503423,SVC_sigmoid,,0.0
384,-1.868963251602536,,-3.844291404366013,-1.7542067307692286,SVC_poly,6.570643028846154,0.0
383,-1.9037014109349244,,,-2.6917067307692286,SVC_rbf,,0.0
382,0.9928776717650023,,-3.678164336743579,-1.1878566942854734,SVC_sigmoid,,0.0
381,1.743538854340796,,-3.2788942015495355,-1.6057763756797117,SVC_sigmoid,,0.0
380,2.22088541062195,,-2.8479567307692286,-1.5871281437899096,SVC_sigmoid,,0.0
379,-2.3556837402531827,,-4.041801282425706,-0.9032451923076903,SVC_poly,8.687527517927482,0.0
378,2.268282427162109,,-4.323020550577861,-2.003411823552733,SVC_sigmoid,,0.0
377,2.4049340771209446,,-3.663754561602745,-1.2237098099500305,SVC_sigmoid,,0.0
376,1.6063701923076903,,-3.2469951923076903,-1.3719951923076903,SVC_sigmoid,,0.0
375,-1.2355484878564758,,,-5.810873633916795,SVC_rbf,,0.0
374,1.793260628953819,,-3.627043005688475,-2.3004306604719345,SVC_sigmoid,,0.0
373,2.145291088196238,,-3.1645075893279992,-1.703732840216495,SVC_sigmoid,,0.0
372,0.10751546861904365,,,,SVC_linear,,0.0
371,-0.34699330258351135,,,,SVC_linear,,0.0
370,2.0732667343198217,,-3.889805486188911,-1.6844951923076903,SVC_sigmoid,,0.0
262,2.5965607477303405,,-4.126742406530668,-1.2421875000000018,SVC_sigmoid,,0.0
394,2.279772374367945,,-4.0682403900292465,-1.7619691220103961,SVC_sigmoid,,0.0
395,-1.6971149584143128,,,-5.377243195221169,SVC_rbf,,0.0
408,-1.8715421152304228,,,-5.077276377649104,SVC_rbf,,0.0
418,1.3560481539680902,,-3.2746495902682113,-2.5301563116703076,SVC_sigmoid,,0.0
417,3.1353623666537334,,-3.4327253542126566,-1.9386419105714356,SVC_sigmoid,,0.0
416,2.4863135766176363,,-4.072692935536137,-2.098346539827661,SVC_sigmoid,,0.0
415,-1.9991183451380237,,,-4.838781656759631,SVC_rbf,,0.0
414,2.684884815140432,,-3.8169515295132443,-1.2235075835488578,SVC_sigmoid,,0.0
413,1.9272338651732588,,-3.7868328847729904,-1.279295649634404,SVC_sigmoid,,0.0
412,0.4918854121861177,,,,SVC_linear,,0.0
411,-0.04172215841084617,,,,SVC_linear,,0.0
410,2.311626121455464,,-4.314910986362855,-2.3634657306414444,SVC_sigmoid,,0.0
409,1.8835811380812846,,-3.3160995377212505,-1.0829677401369857,SVC_sigmoid,,0.0
407,2.1761081050086255,,-3.7761192247471174,-1.4208093580232624,SVC_sigmoid,,0.0
396,2.1448317307692286,,-3.7854567307692286,-1.9104567307692286,SVC_sigmoid,,0.0
406,1.120793269230767,,-3.5039425371355546,-1.888457822984188,SVC_sigmoid,,0.0
405,1.6827916197784978,,-3.814332960799061,-1.4828387593118806,SVC_sigmoid,,0.0
404,-1.3305017131409977,,-4.382752942827551,-2.292668269230767,SVC_poly,6.812950721153847,0.0
403,-1.3652398724733859,,,-3.230168269230767,SVC_rbf,,0.0
402,1.5313392102265406,,-3.1397027982820407,-1.0138846851882994,SVC_sigmoid,,0.0
401,1.9440367412542154,,-2.9572013222387046,-1.8128370774348874,SVC_sigmoid,,0.0
400,1.682423872160412,,-3.386418269230767,-1.1858131003688348,SVC_sigmoid,,0.0
399,-2.374916135422687,,-3.6242027896860702,-1.4417067307692286,SVC_poly,8.530994758370657,0.0
398,1.7298208887005706,,-3.8131111287297497,-2.3220951988322325,SVC_sigmoid,,0.0
397,2.7930265075439697,,-3.528604580381708,-1.5421991107411803,SVC_sigmoid,,0.0
263,0.3488755538128909,,,,SVC_linear,,0.0
0,,0.1765625,3.3203125,9.7265625,NuSVC_sigmoid,,0.0
261,1.1015624999999987,,-3.0998635441103906,-2.243195072556061,SVC_sigmoid,,0.0
68,,0.6855465118852127,0.4549278846153848,6.861177884615385,NuSVC_sigmoid,,0.0
98,-3.9789663461538467,,,7.572716346153847,SVC_rbf,,0.0
97,1.559984323656136,,-3.8209952505947298,-1.7254559972646786,SVC_sigmoid,,0.0
96,-7.572716346153847,,,,SVC_linear,,0.0
95,,0.727908653846154,-6.088341346153847,-7.739783653846153,NuSVC_sigmoid,,0.0
94,2.2602163461538467,,-3.2085336538461533,3.6664663461538467,SVC_sigmoid,,0.0
93,-2.1820913461538467,,-4.447716346153847,-6.557091346153847,SVC_poly,6.451652644230769,0.0
92,,0.5970913461538461,-2.1039663461538467,-5.317908653846153,NuSVC_poly,2.6196213942307693,0.0
91,,0.5345913461538462,2.6508413461538467,-0.005408653846153522,NuSVC_poly,7.135876220226906,0.0
90,2.5727163461538467,,2.8070913461538467,-7.683683194563303,SVC_poly,8.87256610576923,0.0
89,-4.994591346153847,,-1.0210336538461537,0.8539663461538466,SVC_sigmoid,,0.0
88,,0.7070849734236742,-0.08353365384615363,6.322716346153847,NuSVC_sigmoid,,0.0
87,4.057091346153847,,,,SVC_linear,,0.0
86,-7.494591346153847,,1.4789663461538467,-7.338341346153847,SVC_sigmoid,,0.0
85,-4.916466346153847,,,4.473946271019641,SVC_rbf,,0.0
84,,0.618533653846154,,-7.103966346153847,NuSVC_rbf,,0.0
83,,0.43824090783400016,,-1.154871692441,NuSVC_rbf,,0.0
82,7.025841346153847,,,-4.614783653846153,SVC_rbf,,0.0
81,-3.7445913461538467,,-4.154205782147589,-1.2940947835595278,SVC_sigmoid,,0.0
80,7.807091346153847,,,,SVC_linear,,0.0
79,,0.28180288461538466,,2.564302884615385,NuSVC_rbf,,0.0
78,-4.517427884615385,,,8.111177884615385,SVC_rbf,,0.0
77,1.5293723968345174,,-3.5364253005467354,-1.7202067243088337,SVC_sigmoid,,0.0
76,-8.111177884615385,,,,SVC_linear,,0.0
75,,0.7494471153846155,-6.626802884615385,-7.201322115384615,NuSVC_sigmoid,,0.0
74,2.798677884615385,,-2.670072115384615,4.204927884615385,SVC_sigmoid,,0.0
73,-2.720552884615385,,-4.986177884615385,-7.095552884615385,SVC_poly,6.209344951923077,0.0
72,,0.5755528846153846,-2.642427884615385,-4.779447115384615,NuSVC_poly,2.377313701923077,0.0
71,,0.5130528846153847,3.189302884615385,0.5330528846153849,NuSVC_poly,7.0875868999443785,0.0
70,3.111177884615385,,3.345552884615385,-8.222144733024841,SVC_poly,9.114873798076923,0.0
99,,0.3033413461538462,,2.0258413461538467,NuSVC_rbf,,0.0
100,-1.4976049626961423,,3.5186298076923084,-2.965745192307692,SVC_poly,7.115835336538462,0.0
101,-3.2061298076923084,,-3.8320794118204837,-1.0873257321603649,SVC_sigmoid,,0.0
117,1.9776002171883236,,-3.775940241124307,-1.6403890411867603,SVC_sigmoid,,0.0
130,1.49579326923077,,1.73016826923077,-6.606760117640226,SVC_poly,8.521508879779748,0.0
129,-3.91766826923077,,-2.0979567307692304,-0.22295673076923028,SVC_sigmoid,,0.0
128,,0.731526129703395,-1.1604567307692304,5.24579326923077,NuSVC_sigmoid,,0.0
127,2.98016826923077,,,,SVC_linear,,0.0
126,-6.41766826923077,,0.40204326923076983,-6.26141826923077,SVC_sigmoid,,0.0
125,-3.83954326923077,,,3.3970231940965645,SVC_rbf,,0.0
124,,0.575456730769231,,-6.02704326923077,NuSVC_rbf,,0.0
123,,0.7325206514708253,-0.973336183171263,1.49579326923077,NuSVC_sigmoid,,0.0
122,2.3323317307692304,,-0.8479567307692304,-5.01141826923077,SVC_sigmoid,,0.0
121,-2.66766826923077,,-3.3146367987036744,-1.6257872706219034,SVC_sigmoid,,0.0
120,-1.262223374061426,,2.98016826923077,-3.5042067307692304,SVC_poly,7.358143028846154,0.0
119,,0.3248798076923078,,1.4873798076923084,NuSVC_rbf,,0.0
118,-3.4405048076923084,,,7.034254807692308,SVC_rbf,,0.0
116,-7.034254807692308,,,,SVC_linear,,0.0
102,1.793870192307692,,-0.30949519230769196,-5.549879807692308,SVC_sigmoid,,0.0
115,,0.7063701923076925,-5.549879807692308,-8.278245192307692,NuSVC_sigmoid,,0.0
114,1.7217548076923084,,-3.7469951923076916,3.1280048076923084,SVC_sigmoid,,0.0
113,-1.6436298076923084,,-3.9092548076923084,-6.018629807692308,SVC_poly,6.693960336538462,0.0
112,,0.6186298076923076,-1.5655048076923084,-5.856370192307692,NuSVC_poly,2.8619290865384617,0.0
111,,0.5561298076923077,2.1123798076923084,-0.543870192307692,NuSVC_poly,7.307749015766441,0.0
110,2.0342548076923084,,2.2686298076923084,-7.145221656101764,SVC_poly,8.630258413461538,0.0
109,-4.456129807692308,,-1.559495192307692,0.31550480769230815,SVC_sigmoid,,0.0
108,,0.7286234349621357,-0.6219951923076921,5.784254807692308,NuSVC_sigmoid,,0.0
107,3.5186298076923084,,,,SVC_linear,,0.0
106,-6.956129807692308,,0.9405048076923083,-6.799879807692308,SVC_sigmoid,,0.0
105,-4.378004807692308,,,3.935484732558103,SVC_rbf,,0.0
104,,0.5969951923076925,,-6.565504807692308,NuSVC_rbf,,0.0
103,,0.7109821899323638,-1.2394663133159831,2.0342548076923084,NuSVC_sigmoid,,0.0
69,-5.533052884615385,,-0.4825721153846153,1.392427884615385,SVC_sigmoid,,0.0
67,4.595552884615385,,,,SVC_linear,,0.0
1,-5.8984375,,-2.6171875,-3.2421875,SVC_sigmoid,,0.0
66,-8.033052884615385,,2.017427884615385,-7.876802884615385,SVC_sigmoid,,0.0
32,,0.3943143028846154,,,NuSVC_linear,,0.0
31,,0.5933768028846154,,,NuSVC_linear,,0.0
30,8.172475961538462,,,,SVC_linear,,0.0
29,-0.10877403846153844,,,3.2506009615384617,SVC_rbf,,0.0
28,,0.42622596153846154,,-6.219350961538462,NuSVC_rbf,,0.0
27,,0.14810096153846156,-0.8869926688912891,-4.561899038461538,NuSVC_sigmoid,,0.0
26,-9.109975961538462,,3.0943509615384617,-8.953725961538462,SVC_sigmoid,,0.0
25,-2.2349759615384617,,1.9224759615384617,-2.0618990384615383,SVC_poly,6.709104567307692,0.0
24,,0.3699759615384616,-2.1568509615384617,-5.623762803474681,NuSVC_poly,4.564573317307692,0.0
23,,0.3762259615384616,,-0.37061033644587404,NuSVC_rbf,,0.0
22,8.641225961538462,,,-2.9993990384615383,SVC_rbf,,0.0
21,-5.359975961538462,,-3.1556490384615383,-2.9094793989441428,SVC_sigmoid,,0.0
20,9.422475961538462,,,,SVC_linear,,0.0
19,,0.6109375,3.2421875,9.3359375,NuSVC_poly,9.525390625,0.0
16,,0.3140625,9.2578125,1.9140625,NuSVC_sigmoid,,0.0
15,,0.5171875,,1.6796875,NuSVC_rbf,,0.0
14,1.3671875,,,2.2265625,SVC_rbf,,0.0
13,-7.2265625,,,,SVC_linear,,0.0
12,,0.3679296875,,,NuSVC_linear,,0.0
11,,0.5669921875,,,NuSVC_linear,,0.0
10,8.7109375,,,,SVC_linear,,0.0
9,0.4296875,,,3.7890625,SVC_rbf,,0.0
8,,0.4046875,,-6.7578125,NuSVC_rbf,,0.0
7,,0.12656250000000002,-0.4296875,-4.0234375,NuSVC_sigmoid,,0.0
6,-9.6484375,,3.6328125,-9.4921875,SVC_sigmoid,,0.0
5,-2.7734375,,2.4609375,-1.5234375,SVC_poly,6.466796875,0.0
4,,0.3484375,-2.6953125,-5.3515625,NuSVC_poly,4.322265625,0.0
3,,0.3984375,8.5546875,-9.1015625,NuSVC_poly,1.509765625,0.0
2,-6.5234375,,-8.7890625,4.7265625,SVC_poly,8.154296875,0.0
33,-7.472263770707925,,,,SVC_linear,,0.0
34,0.8287259615384616,,,1.6881009615384617,SVC_rbf,,0.0
35,,0.49564903846153846,,1.1412259615384617,NuSVC_rbf,,0.0
52,,0.4206989182692308,,,NuSVC_linear,,0.0
65,-5.454927884615385,,,5.0124078094811795,SVC_rbf,,0.0
64,,0.6400721153846155,,-7.642427884615385,NuSVC_rbf,,0.0
63,,0.41930288461538473,,-1.0292330617762768,NuSVC_rbf,,0.0
62,7.564302884615385,,,-4.076322115384615,SVC_rbf,,0.0
61,-4.283052884615385,,-4.05075348053999,-1.832556322021066,SVC_sigmoid,,0.0
60,8.345552884615385,,,,SVC_linear,,0.0
59,,0.654014423076923,2.1652644230769234,8.259014423076923,NuSVC_poly,9.040775240384615,0.0
58,2.0871394230769234,,-8.024639423076923,-2.2878605769230766,SVC_poly,2.5920372596153847,0.0
57,2.0240469970946684,,-3.2544325619233283,-1.6789249358738716,SVC_sigmoid,,0.0
56,,0.35713942307692315,8.180889423076923,0.8371394230769232,NuSVC_sigmoid,,0.0
55,,0.4741105769230769,,0.6027644230769232,NuSVC_rbf,,0.0
54,0.29026442307692313,,,1.1496394230769234,SVC_rbf,,0.0
53,-6.933802232246387,,,,SVC_linear,,0.0
51,,0.6197614182692307,,,NuSVC_linear,,0.0
36,,0.3356009615384616,8.719350961538462,1.3756009615384617,NuSVC_sigmoid,,0.0
50,7.634014423076923,,,,SVC_linear,,0.0
49,-0.6472355769230769,,,2.7121394230769234,SVC_rbf,,0.0
48,,0.44211734288051396,,-5.680889423076923,NuSVC_rbf,,0.0
47,,0.1696394230769231,-1.2061411390177468,-5.100360576923077,NuSVC_sigmoid,,0.0
46,-8.571514423076923,,2.5558894230769234,-8.415264423076923,SVC_sigmoid,,0.0
45,-1.6965144230769234,,1.3840144230769234,-2.6003605769230766,SVC_poly,6.951412259615385,0.0
44,,0.39151442307692313,-1.6183894230769234,-5.903964090664673,NuSVC_poly,4.806881009615385,0.0
43,,0.39776442307692317,,-0.6403148680967676,NuSVC_rbf,,0.0
42,8.102764423076923,,,-3.5378605769230766,SVC_rbf,,0.0
41,-4.821514423076923,,-3.6941105769230766,-2.3710178604826044,SVC_sigmoid,,0.0
40,8.884014423076923,,,,SVC_linear,,0.0
39,,0.6324759615384615,2.7037259615384617,8.797475961538462,NuSVC_poly,9.283082932692308,0.0
38,2.6256009615384617,,-8.563100961538462,-1.7493990384615383,SVC_poly,2.3497295673076923,0.0
131,,0.5776682692307692,1.57391826923077,-1.0823317307692304,NuSVC_poly,7.442530076843792,0.0
132,,0.6401682692307691,-1.1536384371817325,-6.202287803155704,NuSVC_poly,3.104236778846154,0.0
133,-1.1523211493260546,,-3.4938777719452947,-5.61410322191102,SVC_poly,6.936268028846154,0.0
134,1.4043396087810973,,-4.1040823236469475,2.58954326923077,SVC_sigmoid,,0.0
227,-1.8503605769230784,,-4.074833956417724,-2.446514423076922,SVC_poly,8.769728304434596,0.0
226,-3.7253605769230784,,-2.290264423076922,-3.5691105769230784,SVC_sigmoid,,0.0
225,1.274639423076922,,-3.1841122981500445,-2.1719069089828187,SVC_sigmoid,,0.0
224,,0.7221329010750943,-1.1162762097340075,-7.6213138887691505,NuSVC_sigmoid,,0.0
223,0.2929756194469338,,,,SVC_linear,,0.0
222,1.7291681600266857,,-3.540264423076922,-2.3191105769230784,SVC_sigmoid,,0.0
221,0.024639423076921796,,-4.176786621033467,-1.5099550331707938,SVC_sigmoid,,0.0
220,0.0017808711884180761,,,-4.740275983935311,SVC_rbf,,0.0
219,,0.729447115384615,-0.35757211538461653,1.5294471153846168,NuSVC_sigmoid,,0.0
218,1.5294471153846168,,-3.9393028846153837,-1.2950721153846168,SVC_sigmoid,,0.0
217,1.6161578543542876,,-3.9771403373910914,-1.8498755310903154,SVC_sigmoid,,0.0
216,2.7794471153846168,,0.5138221153846166,-1.5955528846153837,SVC_poly,6.780498798076923,0.0
215,2.3888221153846168,,,,SVC_linear,,0.0
214,2.2518750163745027,,-2.815131539911219,0.43569711538461653,SVC_sigmoid,,0.0
213,0.9825721153846166,,,-5.223561325572975,SVC_rbf,,0.0
212,,0.4020136337019833,,1.2950721153846168,NuSVC_rbf,,0.0
211,,0.4001123920421219,,-0.6395982161936391,NuSVC_rbf,,0.0
210,0.04507211538461653,,,-5.457461644269399,SVC_rbf,,0.0
209,-1.7638221153846168,,-4.057088634769886,-2.3454970540599858,SVC_sigmoid,,0.0
208,-0.9044471153846166,,,,SVC_linear,,0.0
207,-2.3888221153846168,,-4.613295494879262,-1.9080528846153837,SVC_poly,8.650016125527154,0.0
206,-4.263822115384617,,-1.7518028846153837,-4.107572115384617,SVC_sigmoid,,0.0
205,0.7361778846153837,,-3.1797293326173275,-2.18257291957359,SVC_sigmoid,,0.0
204,,0.7265329772688707,-0.5778146712724691,-7.930885813044264,NuSVC_sigmoid,,0.0
203,-0.24548591901460465,,,,SVC_linear,,0.0
202,1.3406556313257272,,-3.0018028846153837,-2.8575721153846168,SVC_sigmoid,,0.0
201,-0.5138221153846166,,-3.882786604038422,-1.3050882728830393,SVC_sigmoid,,0.0
200,-0.45473959438160627,,,-5.260604744388163,SVC_rbf,,0.0
199,,0.7079086538461535,-0.896033653846155,2.067908653846155,NuSVC_sigmoid,,0.0
228,-0.3659855769230782,,,,SVC_linear,,0.0
229,-1.2253605769230784,,-3.809651180540252,-2.8192140064503506,SVC_sigmoid,,0.0
230,-0.4933894230769219,,,-4.960121955084338,SVC_rbf,,0.0
246,-3.18689903846154,,-2.8287259615384603,-3.03064903846154,SVC_sigmoid,,0.0
259,,0.706996855694394,-0.3352524396220814,0.4525240384615399,NuSVC_sigmoid,,0.0
258,2.030786184741212,,-3.4111743710389986,-1.523211199090727,SVC_sigmoid,,0.0
257,-1.0104085673248997,,,-6.146425254928953,SVC_rbf,,0.0
256,1.70252403846154,,-0.5631009615384602,-2.6724759615384603,SVC_poly,7.265114182692308,0.0
255,1.31189903846154,,,,SVC_linear,,0.0
254,1.2724085202413982,,-3.673914038217754,-0.6412259615384603,SVC_sigmoid,,0.0
253,-0.09435096153846023,,,-5.729638980657614,SVC_rbf,,0.0
252,,0.4340050122289252,,0.21814903846153988,NuSVC_rbf,,0.0
251,,0.6850240384615384,-0.1140017404459798,-2.9849759615384603,NuSVC_sigmoid,,0.0
250,1.674019859738738,,-3.9329909503370057,1.54627403846154,SVC_sigmoid,,0.0
249,-0.68689903846154,,-3.271189642078714,-2.536164001301013,SVC_sigmoid,,0.0
248,3.26502403846154,,-3.557361725353189,-0.48497596153846023,SVC_poly,8.97991899155965,0.0
247,1.46814903846154,,,-5.172475961538461,SVC_rbf,,0.0
245,1.8131009615384603,,-3.722573836611583,-1.7102281502888221,SVC_sigmoid,,0.0
231,,0.39781875287472906,,-0.9209752362291925,NuSVC_rbf,,0.0
244,0.23133869719314912,,,,SVC_linear,,0.0
243,0.8054437998342014,,,,SVC_linear,,0.0
242,2.267629698488224,,-4.078725961538461,-1.78064903846154,SVC_sigmoid,,0.0
241,0.5631009615384602,,-3.638325082571929,-1.9130644546659892,SVC_sigmoid,,0.0
240,-0.5366806672731204,,,-4.836926460977017,SVC_rbf,,0.0
239,,0.7260191489946006,-0.3070057460565956,0.9909855769230783,NuSVC_sigmoid,,0.0
238,1.4923246462796735,,-3.826174613883604,-1.3414589668980124,SVC_sigmoid,,0.0
237,2.154619392815826,,-3.721886637227286,-1.6655880437097155,SVC_sigmoid,,0.0
236,2.2409855769230784,,-0.024639423076921796,-2.134014423076922,SVC_poly,7.022806490384616,0.0
235,1.8503605769230784,,,,SVC_linear,,0.0
234,1.7134134779129644,,-3.135452499756216,-0.1027644230769219,SVC_sigmoid,,0.0
233,0.4441105769230782,,,-5.762022864034513,SVC_rbf,,0.0
232,,0.42143757692299544,,0.7566105769230783,NuSVC_rbf,,0.0
198,2.067908653846155,,-3.4008413461538454,-1.833533653846155,SVC_sigmoid,,0.0
197,1.3527744040866496,,-3.6454885528366696,-1.806736795917538,SVC_sigmoid,,0.0
196,3.317908653846155,,1.052283653846155,-1.0570913461538454,SVC_poly,6.538191105769231,0.0
149,-3.3792067307692317,,-2.6364182692307687,-0.7614182692307687,SVC_sigmoid,,0.0
162,2.415223881010108,,-1.924879807692307,-3.9344951923076934,SVC_sigmoid,,0.0
161,-1.5907451923076934,,-3.2133021571647187,-2.382011349806116,SVC_sigmoid,,0.0
160,-1.6814684885081834,,1.9032451923076934,-4.5811298076923075,SVC_poly,7.842758413461539,0.0
159,,0.3679567307692309,,0.4104567307692315,NuSVC_rbf,,0.0
158,-2.3635817307692317,,,5.957331730769232,SVC_rbf,,0.0
157,2.2505972553150335,,-3.2856008548286844,-1.5695919459838248,SVC_sigmoid,,0.0
156,-5.957331730769232,,,,SVC_linear,,0.0
155,,0.6906568500885921,-4.472956730769232,-8.591322593003095,NuSVC_sigmoid,,0.0
154,1.3587499398727487,,-3.9301431300746166,2.0510817307692317,SVC_sigmoid,,0.0
153,-1.690782687787593,,-4.032339310406833,-5.642808563186153,SVC_poly,7.178575721153846,0.0
152,,0.6617067307692306,-1.6920999756432709,-5.6638262646941655,NuSVC_poly,3.3465444711538463,0.0
151,,0.5992067307692307,1.0354567307692317,-1.6207932692307687,NuSVC_poly,7.571056779925913,0.0
150,0.9573317307692316,,1.1917067307692317,-6.068298579178688,SVC_poly,8.76381657208744,0.0
148,,0.7099876681649335,-1.1320522252746885,4.707331730769232,NuSVC_sigmoid,,0.0
164,,0.6924449996209471,0.49910840565060777,-8.434353411172559,NuSVC_sigmoid,,0.0
147,2.4417067307692317,,,,SVC_linear,,0.0
146,-5.879206730769232,,-0.1364182692307686,-5.722956730769232,SVC_sigmoid,,0.0
145,-3.3010817307692317,,,2.858561655635026,SVC_rbf,,0.0
144,,0.5539182692307695,,-5.488581730769232,NuSVC_rbf,,0.0
143,,0.7174432295798643,-0.5724626455514221,0.9573317307692316,NuSVC_sigmoid,,0.0
142,2.5520611489249925,,-1.3864182692307687,-4.472956730769232,SVC_sigmoid,,0.0
141,-2.1292067307692317,,-2.9831510157109573,-2.1642488090834417,SVC_sigmoid,,0.0
140,-1.143006950046645,,2.4417067307692317,-4.042668269230769,SVC_poly,7.600450721153846,0.0
139,,0.34641826923076935,,0.9489182692307699,NuSVC_rbf,,0.0
138,-2.90204326923077,,,6.49579326923077,SVC_rbf,,0.0
137,2.3457239130436656,,-3.4569046012193847,-1.567282356256669,SVC_sigmoid,,0.0
136,-6.49579326923077,,,,SVC_linear,,0.0
135,,0.6913055036051869,-5.01141826923077,-8.705232669222069,NuSVC_sigmoid,,0.0
163,,0.6979409834365254,-0.447384686671133,0.4188701923076932,NuSVC_sigmoid,,0.0
165,-0.3407451923076932,,-3.749632028661451,-1.342499196419138,SVC_sigmoid,,0.0
195,2.927283653846155,,,,SVC_linear,,0.0
181,-1.052283653846155,,-3.5369761338713146,-1.8435498113445776,SVC_sigmoid,,0.0
194,2.2067614518835774,,-2.9289512425892386,0.974158653846155,SVC_sigmoid,,0.0
193,1.521033653846155,,,-4.685099787111437,SVC_rbf,,0.0
192,,0.3950012822840322,,1.833533653846155,NuSVC_rbf,,0.0
191,,0.4108413461538462,,-0.37282336186900256,NuSVC_rbf,,0.0
190,0.583533653846155,,,-5.6678568192442995,SVC_rbf,,0.0
189,-2.302283653846155,,-3.7133413461538454,-1.8383413461538454,SVC_sigmoid,,0.0
188,-1.442908653846155,,,,SVC_linear,,0.0
187,-2.927283653846155,,-4.423725762024594,-1.3695913461538454,SVC_poly,8.63994370256167,0.0
186,-4.802283653846155,,-1.2133413461538454,-4.646033653846155,SVC_sigmoid,,0.0
185,0.19771634615384526,,-3.2111704901999127,-1.8809607348806763,SVC_sigmoid,,0.0
184,,0.7067362114610382,-0.03935313281093067,-8.246296277360115,NuSVC_sigmoid,,0.0
183,,0.6837888071722172,-0.502500577498881,-0.11959134615384526,NuSVC_sigmoid,,0.0
182,1.8767623425485698,,-2.4633413461538454,-3.396033653846155,SVC_sigmoid,,0.0
180,-2.2199300269697217,,1.364783653846155,-5.119591346153846,SVC_poly,8.085066105769231,0.0
166,-5.340745192307693,,-0.674879807692307,-5.184495192307693,SVC_sigmoid,,0.0
179,,0.686370192307692,-1.4344951923076934,2.6063701923076934,NuSVC_sigmoid,,0.0
178,2.6063701923076934,,-2.862379807692307,-2.3719951923076934,SVC_sigmoid,,0.0
177,1.7121357168534952,,-3.309518786413726,-1.68960504141231,SVC_sigmoid,,0.0
176,3.8563701923076934,,1.5907451923076934,-0.5186298076923069,SVC_poly,6.295883413461539,0.0
175,3.4657451923076934,,,,SVC_linear,,0.0
174,1.7697003733936492,,-3.3916815916130783,1.5126201923076934,SVC_sigmoid,,0.0
173,2.0594951923076934,,,-5.061034884591876,SVC_rbf,,0.0
172,,0.4157612419357914,,2.3719951923076934,NuSVC_rbf,,0.0
171,,0.43237980769230777,,-0.6127159670338678,NuSVC_rbf,,0.0
170,1.1219951923076934,,,-5.518629807692307,SVC_rbf,,0.0
169,-2.8407451923076934,,-3.174879807692307,-1.299879807692307,SVC_sigmoid,,0.0
168,-1.9813701923076934,,,,SVC_linear,,0.0
167,-3.4657451923076934,,-4.118423794041553,-0.831129807692307,SVC_poly,8.882251394869362,0.0
260,-1.0751422057346587,,,-5.375387999438555,SVC_rbf,,0.0
